Study_information_1.started,Study_information_1.stopped,key_resp.keys,key_resp.rt,key_resp.duration,session,date,expName,psychopyVersion,OS,frameRate,participant,study_id,Study_information_2.started,Study_information_2.stopped,key_resp_2.keys,key_resp_2.rt,key_resp_2.duration,Study_information_3.started,Study_information_3.stopped,key_resp_3.keys,key_resp_3.rt,key_resp_3.duration,Consent.started,Consent.stopped,key_resp_5.keys,key_resp_5.rt,key_resp_5.duration,Instruction_1.started,Instruction_1.stopped,space_cont.keys,space_cont.rt,space_cont.duration,Instruction_2.started,Instruction_2.stopped,space_cont_2.keys,space_cont_2.rt,space_cont_2.duration,Instruction_3.started,Instruction_3.stopped,space_cont_3.keys,space_cont_3.rt,space_cont_3.duration,Instruction_4.started,Instruction_4.stopped,space_cont_4.keys,space_cont_4.rt,space_cont_4.duration,Instruction_5.started,Instruction_5.stopped,space_cont_5.keys,space_cont_5.rt,space_cont_5.duration,Familiarity_Rating.started,Familiarity_Rating.stopped,familiarity_scale.response,familiarity_scale.rt,key_resp_familiarity.keys,familiarity_rating,Valence_Rating.started,Valence_Rating.stopped,valence_scale.response,valence_scale.rt,key_resp_valence.keys,key_resp_valence.rt,key_resp_valence.duration,valence_rating,Name_Selection.started,Name_Selection.stopped,key_resp_naming.keys,key_resp_naming.rt,key_resp_naming.duration,identity_no,image_file,correct_name,selected_name_option,selected_name,correct_name_option,name_correct,qualifies_for_part2,qualified_count_so_far,trials_rating.thisRepN,trials_rating.thisTrialN,trials_rating.thisN,trials_rating.thisIndex,trials_rating.ran,Identity_no,Image,Option1,Option2,Option3,Option4,CorrectName,selection_method,num_selected_identities,qualified_identity_nos,break_1.started,break_1.stopped,Load_Recognition_Trials.started,Load_Recognition_Trials.stopped,Instruction_recog_1.started,Instruction_recog_1.stopped,space_cont_6.keys,space_cont_6.rt,space_cont_6.duration,Instruction_recog_2.started,Instruction_recog_2.stopped,space_cont_7.keys,space_cont_7.rt,space_cont_7.duration,fixation_duration,fix_cross.started,fix_cross.stopped,Practice_Recognition_Trial.started,Practice_Recognition_Trial.stopped,key_resp_practice.keys,key_resp_practice.rt,key_resp_practice.duration,is_practice,practice_trial_number,is_familiar,participant_response,too_slow,response_time,practice_trials.thisRepN,practice_trials.thisTrialN,practice_trials.thisN,practice_trials.thisIndex,practice_trials.ran,Instruction_recog.started,Instruction_recog.stopped,space_cont_8.keys,space_cont_8.rt,space_cont_8.duration,Recognition_trials.started,Recognition_trials.stopped,key_resp_recognition.keys,recognition_trial_number,original_trial_number,block,trial_in_block,orientation,identity_type,response_familiar,correct,valid_response,Too_slow.started,Too_slow.stopped,break_recog.started,break_recog.stopped,key_resp_6.keys,trials.thisRepN,trials.thisTrialN,trials.thisN,trials.thisIndex,trials.ran,key_resp_recognition.rt,key_resp_recognition.duration,key_resp_6.rt,key_resp_6.duration
0.0003,6.6892,space,6.646,,6972064f05789ba107fe0f9f,2026-01-22_11h14.37.321,WP1_3,2025.2.3,Win32,61.34969325,669177c66d14fd83c2a18125,695fcc08e6593b9a696132f7,,,,,,,,,,,,,,,,,,,,,,,,,,,,,,,,,,,,,,,,,,,,,,,,,,,,,,,,,,,,,,,,,,,,,,,,,,,,,,,,,,,,,,,,,,,,,,,,,,,,,,,,,,,,,,,,,,,,,,,,,,,,,,,,,,,,,,,,,,,,,,,,,,,
,,,,,6972064f05789ba107fe0f9f,2026-01-22_11h14.37.321,WP1_3,2025.2.3,Win32,61.34969325,669177c66d14fd83c2a18125,695fcc08e6593b9a696132f7,6.6897,12.374,space,5.6502,0.0007,,,,,,,,,,,,,,,,,,,,,,,,,,,,,,,,,,,,,,,,,,,,,,,,,,,,,,,,,,,,,,,,,,,,,,,,,,,,,,,,,,,,,,,,,,,,,,,,,,,,,,,,,,,,,,,,,,,,,,,,,,,,,,,,,,,,,,,,,,,,,,
,,,,,6972064f05789ba107fe0f9f,2026-01-22_11h14.37.321,WP1_3,2025.2.3,Win32,61.34969325,669177c66d14fd83c2a18125,695fcc08e6593b9a696132f7,,,,,,12.3746,22.8676,space,10.4612,0.0006,,,,,,,,,,,,,,,,,,,,,,,,,,,,,,,,,,,,,,,,,,,,,,,,,,,,,,,,,,,,,,,,,,,,,,,,,,,,,,,,,,,,,,,,,,,,,,,,,,,,,,,,,,,,,,,,,,,,,,,,,,,,,,,,,,,,,,,,,
,,,,,6972064f05789ba107fe0f9f,2026-01-22_11h14.37.321,WP1_3,2025.2.3,Win32,61.34969325,669177c66d14fd83c2a18125,695fcc08e6593b9a696132f7,,,,,,,,,,,22.8678,33.6476,space,10.7296,0.0007,,,,,,,,,,,,,,,,,,,,,,,,,,,,,,,,,,,,,,,,,,,,,,,,,,,,,,,,,,,,,,,,,,,,,,,,,,,,,,,,,,,,,,,,,,,,,,,,,,,,,,,,,,,,,,,,,,,,,,,,,,,,,,,,,,,,
,,,,,6972064f05789ba107fe0f9f,2026-01-22_11h14.37.321,WP1_3,2025.2.3,Win32,61.34969325,669177c66d14fd83c2a18125,695fcc08e6593b9a696132f7,,,,,,,,,,,,,,,,33.6479,48.9507,space,15.2393,0.0018,,,,,,,,,,,,,,,,,,,,,,,,,,,,,,,,,,,,,,,,,,,,,,,,,,,,,,,,,,,,,,,,,,,,,,,,,,,,,,,,,,,,,,,,,,,,,,,,,,,,,,,,,,,,,,,,,,,,,,,,,,,,,,,
,,,,,6972064f05789ba107fe0f9f,2026-01-22_11h14.37.321,WP1_3,2025.2.3,Win32,61.34969325,669177c66d14fd83c2a18125,695fcc08e6593b9a696132f7,,,,,,,,,,,,,,,,,,,,,48.951,63.4841,space,14.4774,,,,,,,,,,,,,,,,,,,,,,,,,,,,,,,,,,,,,,,,,,,,,,,,,,,,,,,,,,,,,,,,,,,,,,,,,,,,,,,,,,,,,,,,,,,,,,,,,,,,,,,,,,,,,,,,,,,,,,,,,,,
,,,,,6972064f05789ba107fe0f9f,2026-01-22_11h14.37.321,WP1_3,2025.2.3,Win32,61.34969325,669177c66d14fd83c2a18125,695fcc08e6593b9a696132f7,,,,,,,,,,,,,,,,,,,,,,,,,,63.4843,71.7842,space,8.2623,0.0003,,,,,,,,,,,,,,,,,,,,,,,,,,,,,,,,,,,,,,,,,,,,,,,,,,,,,,,,,,,,,,,,,,,,,,,,,,,,,,,,,,,,,,,,,,,,,,,,,,,,,,,,,,,,,,,,,,,,,
,,,,,6972064f05789ba107fe0f9f,2026-01-22_11h14.37.321,WP1_3,2025.2.3,Win32,61.34969325,669177c66d14fd83c2a18125,695fcc08e6593b9a696132f7,,,,,,,,,,,,,,,,,,,,,,,,,,,,,,,71.7845,78.6673,space,6.8496,0.0009,,,,,,,,,,,,,,,,,,,,,,,,,,,,,,,,,,,,,,,,,,,,,,,,,,,,,,,,,,,,,,,,,,,,,,,,,,,,,,,,,,,,,,,,,,,,,,,,,,,,,,,,,,,,,,,,
,,,,,6972064f05789ba107fe0f9f,2026-01-22_11h14.37.321,WP1_3,2025.2.3,Win32,61.34969325,669177c66d14fd83c2a18125,695fcc08e6593b9a696132f7,,,,,,,,,,,,,,,,,,,,,,,,,,,,,,,,,,,,78.6676,88.2999,space,9.6023,,,,,,,,,,,,,,,,,,,,,,,,,,,,,,,,,,,,,,,,,,,,,,,,,,,,,,,,,,,,,,,,,,,,,,,,,,,,,,,,,,,,,,,,,,,,,,,,,,,,,,,,,,,,
,,,,,6972064f05789ba107fe0f9f,2026-01-22_11h14.37.321,WP1_3,2025.2.3,Win32,61.34969325,669177c66d14fd83c2a18125,695fcc08e6593b9a696132f7,,,,,,,,,,,,,,,,,,,,,,,,,,,,,,,,,,,,,,,,,88.3136,97.4505,,,,6,97.4528,101.5957,,,"[""right"",""space""]","[2.694500000000005,4.091100000023829]","[null,null]",6,101.5974,108.4276,space,6.7565,,58,Celebrities_Faces/058_rating.jpg,Nicole Kidman,2,Nicole Kidman,2,TRUE,FALSE,0,0,0,0,57,1,58,Celebrities_Faces/058_rating.jpg,Millie Bobby Brown,Greta Thunberg,Nicole Kidman,Julia Roberts,Nicole Kidman,,,,,,,,,,,,,,,,,,,,,,,,,,,,,,,,,,,,,,,,,,,,,,,,,,,,,,,,,,,,,,,,,,,
,,,,,6972064f05789ba107fe0f9f,2026-01-22_11h14.37.321,WP1_3,2025.2.3,Win32,61.34969325,669177c66d14fd83c2a18125,695fcc08e6593b9a696132f7,,,,,,,,,,,,,,,,,,,,,,,,,,,,,,,,,,,,,,,,,108.4288,110.5838,,,,6,110.5852,112.7661,,,"[""right"",""right"",""space""]","[1.0538999999761813,1.4183999999761738,1.9711000000238528]","[null,null,null]",7,112.7713,115.4947,space,2.5484,,5,Celebrities_Faces/005_rating.jpg,Lionel Messi,0,Lionel Messi,0,TRUE,FALSE,0,0,1,1,4,1,5,Celebrities_Faces/005_rating.jpg,Lionel Messi,Matt Damon,Cristiano Ronaldo,Lebron James,Lionel Messi,,,,,,,,,,,,,,,,,,,,,,,,,,,,,,,,,,,,,,,,,,,,,,,,,,,,,,,,,,,,,,,,,,,
,,,,,6972064f05789ba107fe0f9f,2026-01-22_11h14.37.321,WP1_3,2025.2.3,Win32,61.34969325,669177c66d14fd83c2a18125,695fcc08e6593b9a696132f7,,,,,,,,,,,,,,,,,,,,,,,,,,,,,,,,,,,,,,,,,115.4968,118.4612,,,,10,118.4622,121.5497,,,"[""right"",""right"",""right"",""right"",""space""]","[0.5703999999761606,0.9217999999522988,1.1376999999284578,1.3382999999523122,2.9921999999284594]","[null,null,null,null,null]",9,121.5532,123.6504,space,1.9993,,54,Celebrities_Faces/054_rating.jpg,Julia Roberts,0,Julia Roberts,0,TRUE,TRUE,1,0,2,2,53,1,54,Celebrities_Faces/054_rating.jpg,Julia Roberts,Anne Hathaway,Olivia Rodrigo,Simone Biles,Julia Roberts,,,,,,,,,,,,,,,,,,,,,,,,,,,,,,,,,,,,,,,,,,,,,,,,,,,,,,,,,,,,,,,,,,,
,,,,,6972064f05789ba107fe0f9f,2026-01-22_11h14.37.321,WP1_3,2025.2.3,Win32,61.34969325,669177c66d14fd83c2a18125,695fcc08e6593b9a696132f7,,,,,,,,,,,,,,,,,,,,,,,,,,,,,,,,,,,,,,,,,123.6528,126.1828,,,,3,126.1836,131.0796,,,"[""space""]",[4.834100000023852],[null],5,131.086,138.2939,space,7.1032,,13,Celebrities_Faces/013_rating.jpg,Denzel Washighton,0,Denzel Washighton,0,TRUE,FALSE,1,0,3,3,12,1,13,Celebrities_Faces/013_rating.jpg,Denzel Washighton,Chris Hemsworth,Matt Damon,George W.Bush,Denzel Washighton,,,,,,,,,,,,,,,,,,,,,,,,,,,,,,,,,,,,,,,,,,,,,,,,,,,,,,,,,,,,,,,,,,,
,,,,,6972064f05789ba107fe0f9f,2026-01-22_11h14.37.321,WP1_3,2025.2.3,Win32,61.34969325,669177c66d14fd83c2a18125,695fcc08e6593b9a696132f7,,,,,,,,,,,,,,,,,,,,,,,,,,,,,,,,,,,,,,,,,138.2954,140.5116,,,,10,140.5132,145.2156,,,"[""right"",""left"",""left"",""right"",""space""]","[0.7676000000238332,2.234999999999985,2.4683999999761568,3.9896000000238416,4.622399999976153]","[null,null,null,null,null]",5,145.217,147.2565,space,1.9603,,38,Celebrities_Faces/038_rating.jpg,Taylor Swift,3,Taylor Swift,3,TRUE,TRUE,2,0,4,4,37,1,38,Celebrities_Faces/038_rating.jpg,Keira Knightley,Scarlett Johansson,Margot Robbie,Taylor Swift,Taylor Swift,,,,,,,,,,,,,,,,,,,,,,,,,,,,,,,,,,,,,,,,,,,,,,,,,,,,,,,,,,,,,,,,,,,
,,,,,6972064f05789ba107fe0f9f,2026-01-22_11h14.37.321,WP1_3,2025.2.3,Win32,61.34969325,669177c66d14fd83c2a18125,695fcc08e6593b9a696132f7,,,,,,,,,,,,,,,,,,,,,,,,,,,,,,,,,,,,,,,,,147.259,150.7326,,,,4,150.7337,152.5833,,,"[""space""]",[1.7454999999999927],[null],5,152.5866,161.3164,space,8.6171,,57,Celebrities_Faces/057_rating.jpg,Serena Williams,2,Serena Williams,2,TRUE,FALSE,2,0,5,5,56,1,57,Celebrities_Faces/057_rating.jpg,Olivia Rodrigo,Charlize Theron,Serena Williams,Greta Thunberg,Serena Williams,,,,,,,,,,,,,,,,,,,,,,,,,,,,,,,,,,,,,,,,,,,,,,,,,,,,,,,,,,,,,,,,,,,
,,,,,6972064f05789ba107fe0f9f,2026-01-22_11h14.37.321,WP1_3,2025.2.3,Win32,61.34969325,669177c66d14fd83c2a18125,695fcc08e6593b9a696132f7,,,,,,,,,,,,,,,,,,,,,,,,,,,,,,,,,,,,,,,,,161.317,163.3329,,,,7,163.3347,165.5506,,,"[""right"",""right"",""right"",""space""]","[0.9368999999761627,1.2708999999761659,1.5215000000000032,2.156200000047704]","[null,null,null,null]",8,165.5546,168.4163,space,2.799,,15,Celebrities_Faces/015_rating.jpg,Harrison Ford,2,Harrison Ford,2,TRUE,TRUE,3,0,6,6,14,1,15,Celebrities_Faces/015_rating.jpg,Lionel Messi,Daniel Radcliffe,Harrison Ford,Brad Pitt,Harrison Ford,,,,,,,,,,,,,,,,,,,,,,,,,,,,,,,,,,,,,,,,,,,,,,,,,,,,,,,,,,,,,,,,,,,
,,,,,6972064f05789ba107fe0f9f,2026-01-22_11h14.37.321,WP1_3,2025.2.3,Win32,61.34969325,669177c66d14fd83c2a18125,695fcc08e6593b9a696132f7,,,,,,,,,,,,,,,,,,,,,,,,,,,,,,,,,,,,,,,,,168.4173,170.6662,,,,10,170.6672,172.7495,,,"[""right"",""right"",""right"",""right"",""right"",""space""]","[0.6060999999046146,0.9435999999046203,1.1595000000000084,1.3605999999046219,1.5526999999284783,1.8894999999999982]","[null,null,null,null,null,null]",10,172.7539,174.5165,space,1.5441,,37,Celebrities_Faces/037_rating.jpg,Natalie Portman,1,Natalie Portman,1,TRUE,TRUE,4,0,7,7,36,1,37,Celebrities_Faces/037_rating.jpg,Lady Gaga,Natalie Portman,Hillary Clinton,Michelle Obama,Natalie Portman,,,,,,,,,,,,,,,,,,,,,,,,,,,,,,,,,,,,,,,,,,,,,,,,,,,,,,,,,,,,,,,,,,,
,,,,,6972064f05789ba107fe0f9f,2026-01-22_11h14.37.321,WP1_3,2025.2.3,Win32,61.34969325,669177c66d14fd83c2a18125,695fcc08e6593b9a696132f7,,,,,,,,,,,,,,,,,,,,,,,,,,,,,,,,,,,,,,,,,174.5181,177.4357,,,,7,177.4366,179.6996,,,"[""space""]",[2.1936000000238494],[null],5,179.7023,182.7825,space,3.0059,,31,Celebrities_Faces/031_rating.jpg,Sandra Bullock,3,Sandra Bullock,3,TRUE,TRUE,5,0,8,8,30,1,31,Celebrities_Faces/031_rating.jpg,Michelle Obama,Emma Watson,Halle Berry,Sandra Bullock,Sandra Bullock,,,,,,,,,,,,,,,,,,,,,,,,,,,,,,,,,,,,,,,,,,,,,,,,,,,,,,,,,,,,,,,,,,,
,,,,,6972064f05789ba107fe0f9f,2026-01-22_11h14.37.321,WP1_3,2025.2.3,Win32,61.34969325,669177c66d14fd83c2a18125,695fcc08e6593b9a696132f7,,,,,,,,,,,,,,,,,,,,,,,,,,,,,,,,,,,,,,,,,182.7845,185.2492,,,,10,185.2499,187.5828,,,"[""right"",""right"",""right"",""space""]","[0.6326999999284624,1.4000000000000057,1.60069999992848,2.1671000000238507]","[null,null,null,null]",8,187.5848,189.9996,space,2.2787,,50,Celebrities_Faces/050_rating.jpg,Millie Bobby Brown,2,Millie Bobby Brown,2,TRUE,TRUE,6,0,9,9,49,1,50,Celebrities_Faces/050_rating.jpg,Taylor Swift,Cameron Diaz,Millie Bobby Brown,Michelle Obama,Millie Bobby Brown,,,,,,,,,,,,,,,,,,,,,,,,,,,,,,,,,,,,,,,,,,,,,,,,,,,,,,,,,,,,,,,,,,,
,,,,,6972064f05789ba107fe0f9f,2026-01-22_11h14.37.321,WP1_3,2025.2.3,Win32,61.34969325,669177c66d14fd83c2a18125,695fcc08e6593b9a696132f7,,,,,,,,,,,,,,,,,,,,,,,,,,,,,,,,,,,,,,,,,190.0018,192.4324,,,,3,192.4331,193.7338,,,"[""space""]",[1.2074999999999818],[null],5,193.736,198.65,space,4.8108,,59,Celebrities_Faces/059_rating.jpg,Michelle Obama,0,Michelle Obama,0,TRUE,FALSE,6,0,10,10,58,1,59,Celebrities_Faces/059_rating.jpg,Michelle Obama,Emma Watson,Millie Bobby Brown,Margot Robbie,Michelle Obama,,,,,,,,,,,,,,,,,,,,,,,,,,,,,,,,,,,,,,,,,,,,,,,,,,,,,,,,,,,,,,,,,,,
,,,,,6972064f05789ba107fe0f9f,2026-01-22_11h14.37.321,WP1_3,2025.2.3,Win32,61.34969325,669177c66d14fd83c2a18125,695fcc08e6593b9a696132f7,,,,,,,,,,,,,,,,,,,,,,,,,,,,,,,,,,,,,,,,,198.6514,200.7871,,,,10,200.7881,203.8996,,,"[""right"",""right"",""space""]","[0.7879999999999825,2.258700000047668,2.9454999999999814]","[null,null,null]",7,203.9018,206.183,space,2.1162,,45,Celebrities_Faces/045_rating.jpg,Cameron Diaz,3,Cameron Diaz,3,TRUE,TRUE,7,0,11,11,44,1,45,Celebrities_Faces/045_rating.jpg,Taylor Swift,Natalie Portman,Maria Sharapova,Cameron Diaz,Cameron Diaz,,,,,,,,,,,,,,,,,,,,,,,,,,,,,,,,,,,,,,,,,,,,,,,,,,,,,,,,,,,,,,,,,,,
,,,,,6972064f05789ba107fe0f9f,2026-01-22_11h14.37.321,WP1_3,2025.2.3,Win32,61.34969325,669177c66d14fd83c2a18125,695fcc08e6593b9a696132f7,,,,,,,,,,,,,,,,,,,,,,,,,,,,,,,,,,,,,,,,,206.1847,207.8766,,,,10,207.877,209.3489,,,"[""right"",""right"",""right"",""right"",""right"",""space""]","[0.5526999999284499,0.7381000000238487,0.8726999999284999,1.0056999999284812,1.1211999999284785,1.4392999999523113]","[null,null,null,null,null,null]",10,209.3522,210.5994,space,1.1952,,19,Celebrities_Faces/019_rating.jpg,Nicolas Cage,0,Nicolas Cage,0,TRUE,TRUE,8,0,12,12,18,1,19,Celebrities_Faces/019_rating.jpg,Nicolas Cage,George W.Bush,Cristiano Ronaldo,Bradley Cooper,Nicolas Cage,,,,,,,,,,,,,,,,,,,,,,,,,,,,,,,,,,,,,,,,,,,,,,,,,,,,,,,,,,,,,,,,,,,
,,,,,6972064f05789ba107fe0f9f,2026-01-22_11h14.37.321,WP1_3,2025.2.3,Win32,61.34969325,669177c66d14fd83c2a18125,695fcc08e6593b9a696132f7,,,,,,,,,,,,,,,,,,,,,,,,,,,,,,,,,,,,,,,,,210.6004,213.6382,,,,3,213.6393,216.2994,,,"[""right"",""right"",""space""]","[1.518699999928515,1.9499999999999886,2.2348999999761645]","[null,null,null]",7,216.3017,225.0495,space,8.3289,,41,Celebrities_Faces/041_rating.jpg,Halle Berry,2,Halle Berry,2,TRUE,FALSE,8,0,13,13,40,1,41,Celebrities_Faces/041_rating.jpg,Lady Gaga,Greta Thunberg,Halle Berry,Serena Williams,Halle Berry,,,,,,,,,,,,,,,,,,,,,,,,,,,,,,,,,,,,,,,,,,,,,,,,,,,,,,,,,,,,,,,,,,,
,,,,,6972064f05789ba107fe0f9f,2026-01-22_11h14.37.321,WP1_3,2025.2.3,Win32,61.34969325,669177c66d14fd83c2a18125,695fcc08e6593b9a696132f7,,,,,,,,,,,,,,,,,,,,,,,,,,,,,,,,,,,,,,,,,225.0514,227.1252,,,,7,227.1259,229.0157,,,"[""space""]",[1.7049000000953924],[null],5,229.0188,230.9658,space,1.7513,,18,Celebrities_Faces/018_rating.jpg,Chris Hemsworth,0,Chris Hemsworth,0,TRUE,TRUE,9,0,14,14,17,1,18,Celebrities_Faces/018_rating.jpg,Chris Hemsworth,Leonardo Di Caprio,Nicolas Cage,Tom Cruise,Chris Hemsworth,,,,,,,,,,,,,,,,,,,,,,,,,,,,,,,,,,,,,,,,,,,,,,,,,,,,,,,,,,,,,,,,,,,
,,,,,6972064f05789ba107fe0f9f,2026-01-22_11h14.37.321,WP1_3,2025.2.3,Win32,61.34969325,669177c66d14fd83c2a18125,695fcc08e6593b9a696132f7,,,,,,,,,,,,,,,,,,,,,,,,,,,,,,,,,,,,,,,,,230.9675,233.3491,,,,5,233.3508,235.3108,,,"[""space""]",[1.8816999999284576],[null],5,235.3123,240.6328,space,5.2588,,25,Celebrities_Faces/025_rating.jpg,Robert De Niro,2,Robert De Niro,2,TRUE,FALSE,9,0,15,15,24,1,25,Celebrities_Faces/025_rating.jpg,Bruce Willis,Arnold Schwarzeneger,Robert De Niro,Leonardo Di Caprio,Robert De Niro,,,,,,,,,,,,,,,,,,,,,,,,,,,,,,,,,,,,,,,,,,,,,,,,,,,,,,,,,,,,,,,,,,,
,,,,,6972064f05789ba107fe0f9f,2026-01-22_11h14.37.321,WP1_3,2025.2.3,Win32,61.34969325,669177c66d14fd83c2a18125,695fcc08e6593b9a696132f7,,,,,,,,,,,,,,,,,,,,,,,,,,,,,,,,,,,,,,,,,240.634,243.6324,,,,8,243.6334,245.1325,,,"[""right"",""right"",""right"",""space""]","[0.6735999999046385,0.9215999999046289,1.1057999999522963,1.3542999999523317]","[null,null,null,null]",8,245.1347,246.2658,space,0.9898,,44,Celebrities_Faces/044_rating.jpg,Cate Blanchett,1,Cate Blanchett,1,TRUE,TRUE,10,0,16,16,43,1,44,Celebrities_Faces/044_rating.jpg,Angelina Jolie,Cate Blanchett,Natalie Portman,Taylor Swift,Cate Blanchett,,,,,,,,,,,,,,,,,,,,,,,,,,,,,,,,,,,,,,,,,,,,,,,,,,,,,,,,,,,,,,,,,,,
,,,,,6972064f05789ba107fe0f9f,2026-01-22_11h14.37.321,WP1_3,2025.2.3,Win32,61.34969325,669177c66d14fd83c2a18125,695fcc08e6593b9a696132f7,,,,,,,,,,,,,,,,,,,,,,,,,,,,,,,,,,,,,,,,,246.2673,249.0173,,,,6,249.019,251.1486,,,"[""right"",""space""]","[1.5621999999285094,2.0223999999761872]","[null,null]",6,251.1505,254.2325,space,2.9935,,2,Celebrities_Faces/002_rating.jpg,George W.Bush,3,George W.Bush,3,TRUE,FALSE,10,0,17,17,1,1,2,Celebrities_Faces/002_rating.jpg,Henri Canvill,Chris Evans,Tom Holland,George W.Bush,George W.Bush,,,,,,,,,,,,,,,,,,,,,,,,,,,,,,,,,,,,,,,,,,,,,,,,,,,,,,,,,,,,,,,,,,,
,,,,,6972064f05789ba107fe0f9f,2026-01-22_11h14.37.321,WP1_3,2025.2.3,Win32,61.34969325,669177c66d14fd83c2a18125,695fcc08e6593b9a696132f7,,,,,,,,,,,,,,,,,,,,,,,,,,,,,,,,,,,,,,,,,254.2335,257.549,,,,7,257.5498,259.9492,,,"[""left"",""space""]","[1.847500000000025,2.2155999999046116]","[null,null]",4,259.9519,266.6657,space,6.5457,,24,Celebrities_Faces/024_rating.jpg,Ryan Reynolds,3,Ryan Reynolds,3,TRUE,TRUE,11,0,18,18,23,1,24,Celebrities_Faces/024_rating.jpg,Roger Federer,Denzel Washighton,Tom Holland,Ryan Reynolds,Ryan Reynolds,,,,,,,,,,,,,,,,,,,,,,,,,,,,,,,,,,,,,,,,,,,,,,,,,,,,,,,,,,,,,,,,,,,
,,,,,6972064f05789ba107fe0f9f,2026-01-22_11h14.37.321,WP1_3,2025.2.3,Win32,61.34969325,669177c66d14fd83c2a18125,695fcc08e6593b9a696132f7,,,,,,,,,,,,,,,,,,,,,,,,,,,,,,,,,,,,,,,,,266.6677,269.115,,,,7,269.1158,271.5652,,,"[""right"",""left"",""space""]","[0.6372999999522904,1.3018999999761718,2.384600000023852]","[null,null,null]",5,271.5679,273.9486,space,2.3109,,47,Celebrities_Faces/047_rating.jpg,Hillary Clinton,0,Hillary Clinton,0,TRUE,TRUE,12,0,19,19,46,1,47,Celebrities_Faces/047_rating.jpg,Hillary Clinton,Sandra Bullock,Michelle Obama,Anne Hathaway,Hillary Clinton,,,,,,,,,,,,,,,,,,,,,,,,,,,,,,,,,,,,,,,,,,,,,,,,,,,,,,,,,,,,,,,,,,,
,,,,,6972064f05789ba107fe0f9f,2026-01-22_11h14.37.321,WP1_3,2025.2.3,Win32,61.34969325,669177c66d14fd83c2a18125,695fcc08e6593b9a696132f7,,,,,,,,,,,,,,,,,,,,,,,,,,,,,,,,,,,,,,,,,273.9493,276.2935,,,,6,276.2943,278.1881,,,"[""right"",""right"",""space""]","[1.2873999999761736,1.5946999999284799,1.8636999999284853]","[null,null,null]",7,278.1908,283.1656,space,4.9408,,53,Celebrities_Faces/053_rating.jpg,Keira Knightley,3,Keira Knightley,3,TRUE,FALSE,12,0,20,20,52,1,53,Celebrities_Faces/053_rating.jpg,Anne Hathaway,Emma Stone,Olivia Rodrigo,Keira Knightley,Keira Knightley,,,,,,,,,,,,,,,,,,,,,,,,,,,,,,,,,,,,,,,,,,,,,,,,,,,,,,,,,,,,,,,,,,,
,,,,,6972064f05789ba107fe0f9f,2026-01-22_11h14.37.321,WP1_3,2025.2.3,Win32,61.34969325,669177c66d14fd83c2a18125,695fcc08e6593b9a696132f7,,,,,,,,,,,,,,,,,,,,,,,,,,,,,,,,,,,,,,,,,283.1673,285.0164,,,,10,285.0179,288.5823,,,"[""right"",""right"",""right"",""right"",""space""]","[1.2576999999284908,1.626299999952323,2.160199999928466,2.6741000000238273,3.5263999999761495]","[null,null,null,null,null]",9,288.5862,290.3323,space,1.7022,,52,Celebrities_Faces/052_rating.jpg,Emma Watson,3,Emma Watson,3,TRUE,TRUE,13,0,21,21,51,1,52,Celebrities_Faces/052_rating.jpg,Anne Hathaway,Natalie Portman,Hillary Clinton,Emma Watson,Emma Watson,,,,,,,,,,,,,,,,,,,,,,,,,,,,,,,,,,,,,,,,,,,,,,,,,,,,,,,,,,,,,,,,,,,
,,,,,6972064f05789ba107fe0f9f,2026-01-22_11h14.37.321,WP1_3,2025.2.3,Win32,61.34969325,669177c66d14fd83c2a18125,695fcc08e6593b9a696132f7,,,,,,,,,,,,,,,,,,,,,,,,,,,,,,,,,,,,,,,,,290.3333,292.6157,,,,3,292.617,294.9658,,,"[""left"",""left"",""right"",""right"",""space""]","[0.5646000000238018,0.7938999999761336,1.3004999999999995,1.499499999999955,2.1993999999761513]","[null,null,null,null,null]",5,294.9697,301.6155,space,6.4941,,9,Celebrities_Faces/009_rating.jpg,Bradley Cooper,2,Bradley Cooper,2,TRUE,FALSE,13,0,22,22,8,1,9,Celebrities_Faces/009_rating.jpg,Chris Hemsworth,Tom Cruise,Bradley Cooper,Lebron James,Bradley Cooper,,,,,,,,,,,,,,,,,,,,,,,,,,,,,,,,,,,,,,,,,,,,,,,,,,,,,,,,,,,,,,,,,,,
,,,,,6972064f05789ba107fe0f9f,2026-01-22_11h14.37.321,WP1_3,2025.2.3,Win32,61.34969325,669177c66d14fd83c2a18125,695fcc08e6593b9a696132f7,,,,,,,,,,,,,,,,,,,,,,,,,,,,,,,,,,,,,,,,,301.6168,303.8156,,,,3,303.8171,306.8769,,,"[""left"",""right"",""right"",""space""]","[0.6622999999522676,1.213099999904614,2.3121999999284526,3.0110999999046157]","[null,null,null,null]",6,306.8793,316.3325,space,9.3917,,42,Celebrities_Faces/042_rating.jpg,Greta Thunberg,3,Greta Thunberg,3,TRUE,FALSE,13,0,23,23,41,1,42,Celebrities_Faces/042_rating.jpg,Simone Biles,Michelle Obama,Anne Hathaway,Greta Thunberg,Greta Thunberg,,,,,,,,,,,,,,,,,,,,,,,,,,,,,,,,,,,,,,,,,,,,,,,,,,,,,,,,,,,,,,,,,,,
,,,,,6972064f05789ba107fe0f9f,2026-01-22_11h14.37.321,WP1_3,2025.2.3,Win32,61.34969325,669177c66d14fd83c2a18125,695fcc08e6593b9a696132f7,,,,,,,,,,,,,,,,,,,,,,,,,,,,,,,,,,,,,,,,,316.334,318.2684,,,,10,318.2697,320.3654,,,"[""right"",""right"",""right"",""space""]","[0.6433000000715765,0.9790000000000418,1.5953000000715747,1.915800000071556]","[null,null,null,null]",8,320.3676,322.2325,space,1.6831,,32,Celebrities_Faces/032_rating.jpg,Anne Hathaway,1,Anne Hathaway,1,TRUE,TRUE,14,0,24,24,31,1,32,Celebrities_Faces/032_rating.jpg,Charlize Theron,Anne Hathaway,Gal Gadot,Millie Bobby Brown,Anne Hathaway,,,,,,,,,,,,,,,,,,,,,,,,,,,,,,,,,,,,,,,,,,,,,,,,,,,,,,,,,,,,,,,,,,,
,,,,,6972064f05789ba107fe0f9f,2026-01-22_11h14.37.321,WP1_3,2025.2.3,Win32,61.34969325,669177c66d14fd83c2a18125,695fcc08e6593b9a696132f7,,,,,,,,,,,,,,,,,,,,,,,,,,,,,,,,,,,,,,,,,322.2344,324.282,,,,10,324.2827,326.632,,,"[""right"",""right"",""space""]","[0.5807000000476705,1.0487000000476883,2.2148999999761827]","[null,null,null]",7,326.6341,328.5816,space,1.8272,,30,Celebrities_Faces/030_rating.jpg,Tom Cruise,0,Tom Cruise,0,TRUE,TRUE,15,0,25,25,29,1,30,Celebrities_Faces/030_rating.jpg,Tom Cruise,Lionel Messi,Chris Evans,Bruce Willis,Tom Cruise,,,,,,,,,,,,,,,,,,,,,,,,,,,,,,,,,,,,,,,,,,,,,,,,,,,,,,,,,,,,,,,,,,,
,,,,,6972064f05789ba107fe0f9f,2026-01-22_11h14.37.321,WP1_3,2025.2.3,Win32,61.34969325,669177c66d14fd83c2a18125,695fcc08e6593b9a696132f7,,,,,,,,,,,,,,,,,,,,,,,,,,,,,,,,,,,,,,,,,328.5845,330.816,,,,10,330.8168,333.1618,,,"[""right"",""right"",""right"",""right"",""space""]","[0.6637999999523458,1.100500000000011,1.5522999999523108,1.813299999952335,2.281000000000006]","[null,null,null,null,null]",9,333.1643,334.3325,space,1.0964,,27,Celebrities_Faces/027_rating.jpg,Keanu Reeves,0,Keanu Reeves,0,TRUE,TRUE,16,0,26,26,26,1,27,Celebrities_Faces/027_rating.jpg,Keanu Reeves,Dwayne Johnson,Bradley Cooper,Daniel Radcliffe,Keanu Reeves,,,,,,,,,,,,,,,,,,,,,,,,,,,,,,,,,,,,,,,,,,,,,,,,,,,,,,,,,,,,,,,,,,,
,,,,,6972064f05789ba107fe0f9f,2026-01-22_11h14.37.321,WP1_3,2025.2.3,Win32,61.34969325,669177c66d14fd83c2a18125,695fcc08e6593b9a696132f7,,,,,,,,,,,,,,,,,,,,,,,,,,,,,,,,,,,,,,,,,334.3339,336.6322,,,,10,336.633,340.2764,,,"[""right"",""right"",""right"",""right"",""right"",""space""]","[1.2327000000477142,1.4347999999523608,1.6166000000238796,2.415999999999997,3.200200000047687,3.464600000023836]","[null,null,null,null,null,null]",10,340.2789,341.432,space,0.9739,,33,Celebrities_Faces/033_rating.jpg,Simone Biles,1,Simone Biles,1,TRUE,TRUE,17,0,27,27,32,1,33,Celebrities_Faces/033_rating.jpg,Greta Thunberg,Simone Biles,Lindsay Lohan,Anya Taylor-Joy,Simone Biles,,,,,,,,,,,,,,,,,,,,,,,,,,,,,,,,,,,,,,,,,,,,,,,,,,,,,,,,,,,,,,,,,,,
,,,,,6972064f05789ba107fe0f9f,2026-01-22_11h14.37.321,WP1_3,2025.2.3,Win32,61.34969325,669177c66d14fd83c2a18125,695fcc08e6593b9a696132f7,,,,,,,,,,,,,,,,,,,,,,,,,,,,,,,,,,,,,,,,,341.434,344.9945,,,,2,344.9957,346.9991,,,"[""right"",""right"",""space""]","[1.200700000047675,1.4002000000476755,1.9495000000000005]","[null,null,null]",7,347.0025,355.4652,space,8.4156,,49,Celebrities_Faces/049_rating.jpg,Olivia Rodrigo,2,Gal Gadot,0,FALSE,FALSE,17,0,28,28,48,1,49,Celebrities_Faces/049_rating.jpg,Olivia Rodrigo,Lindsay Lohan,Gal Gadot,Angelina Jolie,Olivia Rodrigo,,,,,,,,,,,,,,,,,,,,,,,,,,,,,,,,,,,,,,,,,,,,,,,,,,,,,,,,,,,,,,,,,,,
,,,,,6972064f05789ba107fe0f9f,2026-01-22_11h14.37.321,WP1_3,2025.2.3,Win32,61.34969325,669177c66d14fd83c2a18125,695fcc08e6593b9a696132f7,,,,,,,,,,,,,,,,,,,,,,,,,,,,,,,,,,,,,,,,,355.4662,358.2657,,,,10,358.2665,363.5533,,,"[""right"",""left"",""left"",""right"",""left"",""space""]","[0.6931000000238328,1.293300000071497,2.722499999999968,3.610300000071504,4.807100000023809,5.133400000095378]","[null,null,null,null,null,null]",4,363.5564,364.9867,space,1.2623,,51,Celebrities_Faces/051_rating.jpg,Margot Robbie,0,Margot Robbie,0,TRUE,TRUE,18,0,29,29,50,1,51,Celebrities_Faces/051_rating.jpg,Margot Robbie,Halle Berry,Emma Watson,Julia Roberts,Margot Robbie,,,,,,,,,,,,,,,,,,,,,,,,,,,,,,,,,,,,,,,,,,,,,,,,,,,,,,,,,,,,,,,,,,,
,,,,,6972064f05789ba107fe0f9f,2026-01-22_11h14.37.321,WP1_3,2025.2.3,Win32,61.34969325,669177c66d14fd83c2a18125,695fcc08e6593b9a696132f7,,,,,,,,,,,,,,,,,,,,,,,,,,,,,,,,,,,,,,,,,364.988,367.0653,,,,10,367.0665,368.5817,,,"[""right"",""right"",""space""]","[0.3577000000477142,0.9618999999761968,1.3267000000477083]","[null,null,null]",7,368.5837,371.515,space,2.7558,,3,Celebrities_Faces/003_rating.jpg,Roger Federer,2,Roger Federer,2,TRUE,TRUE,19,0,30,30,2,1,3,Celebrities_Faces/003_rating.jpg,Dwayne Johnson,Keanu Reeves,Roger Federer,Ben Affleck,Roger Federer,,,,,,,,,,,,,,,,,,,,,,,,,,,,,,,,,,,,,,,,,,,,,,,,,,,,,,,,,,,,,,,,,,,
,,,,,6972064f05789ba107fe0f9f,2026-01-22_11h14.37.321,WP1_3,2025.2.3,Win32,61.34969325,669177c66d14fd83c2a18125,695fcc08e6593b9a696132f7,,,,,,,,,,,,,,,,,,,,,,,,,,,,,,,,,,,,,,,,,371.5161,372.9819,,,,7,372.9832,374.5981,,,"[""right"",""right"",""space""]","[0.8822000000477033,1.1163999999761813,1.5196000000238428]","[null,null,null]",7,374.6,378.8818,space,4.1754,,26,Celebrities_Faces/026_rating.jpg,George Clooney,2,George Clooney,2,TRUE,TRUE,20,0,31,31,25,1,26,Celebrities_Faces/026_rating.jpg,Robert De Niro,Ewan McGregor,George Clooney,Daniel Radcliffe,George Clooney,,,,,,,,,,,,,,,,,,,,,,,,,,,,,,,,,,,,,,,,,,,,,,,,,,,,,,,,,,,,,,,,,,,
,,,,,6972064f05789ba107fe0f9f,2026-01-22_11h14.37.321,WP1_3,2025.2.3,Win32,61.34969325,669177c66d14fd83c2a18125,695fcc08e6593b9a696132f7,,,,,,,,,,,,,,,,,,,,,,,,,,,,,,,,,,,,,,,,,378.8827,381.2722,,,,9,381.2734,386.1172,,,"[""right"",""left"",""left"",""space""]","[0.6836999999284785,1.4178999999761572,4.683100000023842,4.806799999952318]","[null,null,null,null]",4,386.1193,389.111,space,2.9533,,4,Celebrities_Faces/004_rating.jpg,Cristiano Ronaldo,3,Cristiano Ronaldo,3,TRUE,TRUE,21,0,32,32,3,1,4,Celebrities_Faces/004_rating.jpg,Matt Damon,Robert De Niro,Denzel Washighton,Cristiano Ronaldo,Cristiano Ronaldo,,,,,,,,,,,,,,,,,,,,,,,,,,,,,,,,,,,,,,,,,,,,,,,,,,,,,,,,,,,,,,,,,,,
,,,,,6972064f05789ba107fe0f9f,2026-01-22_11h14.37.321,WP1_3,2025.2.3,Win32,61.34969325,669177c66d14fd83c2a18125,695fcc08e6593b9a696132f7,,,,,,,,,,,,,,,,,,,,,,,,,,,,,,,,,,,,,,,,,389.1129,393.8483,,,,9,393.849,396.1151,,,"[""right"",""right"",""right"",""right"",""space""]","[0.3751999999284408,0.6084999999999923,0.7458999999761318,0.8949999999999818,2.1774999999999523]","[null,null,null,null,null]",9,396.1174,397.7152,space,1.5068,,28,Celebrities_Faces/028_rating.jpg,Dwayne Johnson,0,Dwayne Johnson,0,TRUE,TRUE,22,0,33,33,27,1,28,Celebrities_Faces/028_rating.jpg,Dwayne Johnson,Ryan Reynolds,Bradley Cooper,Lionel Messi,Dwayne Johnson,,,,,,,,,,,,,,,,,,,,,,,,,,,,,,,,,,,,,,,,,,,,,,,,,,,,,,,,,,,,,,,,,,,
,,,,,6972064f05789ba107fe0f9f,2026-01-22_11h14.37.321,WP1_3,2025.2.3,Win32,61.34969325,669177c66d14fd83c2a18125,695fcc08e6593b9a696132f7,,,,,,,,,,,,,,,,,,,,,,,,,,,,,,,,,,,,,,,,,397.7165,399.9985,,,,10,399.9997,401.5151,,,"[""right"",""right"",""right"",""right"",""right"",""space""]","[0.35360000002384595,0.5371000000238837,0.6895000000000095,0.7758999999761613,0.9608999999761636,1.475500000000011]","[null,null,null,null,null,null]",10,401.5176,402.9148,space,1.3584,,14,Celebrities_Faces/014_rating.jpg,Daniel Craig,2,Daniel Craig,2,TRUE,TRUE,23,0,34,34,13,1,14,Celebrities_Faces/014_rating.jpg,Robert De Niro,Ryan Reynolds,Daniel Craig,Chris Hemsworth,Daniel Craig,,,,,,,,,,,,,,,,,,,,,,,,,,,,,,,,,,,,,,,,,,,,,,,,,,,,,,,,,,,,,,,,,,,
,,,,,6972064f05789ba107fe0f9f,2026-01-22_11h14.37.321,WP1_3,2025.2.3,Win32,61.34969325,669177c66d14fd83c2a18125,695fcc08e6593b9a696132f7,,,,,,,,,,,,,,,,,,,,,,,,,,,,,,,,,,,,,,,,,402.9157,407.2766,,,,8,407.2774,409.467,,,"[""right"",""right"",""right"",""space""]","[1.4159999999999968,1.632799999952283,1.7847999999523267,2.07289999997613]","[null,null,null,null]",8,409.4719,411.3154,space,1.7256,,40,Celebrities_Faces/040_rating.jpg,Gal Gadot,0,Gal Gadot,0,TRUE,TRUE,24,0,35,35,39,1,40,Celebrities_Faces/040_rating.jpg,Gal Gadot,Maria Sharapova,Taylor Swift,Nicole Kidman,Gal Gadot,,,,,,,,,,,,,,,,,,,,,,,,,,,,,,,,,,,,,,,,,,,,,,,,,,,,,,,,,,,,,,,,,,,
,,,,,6972064f05789ba107fe0f9f,2026-01-22_11h14.37.321,WP1_3,2025.2.3,Win32,61.34969325,669177c66d14fd83c2a18125,695fcc08e6593b9a696132f7,,,,,,,,,,,,,,,,,,,,,,,,,,,,,,,,,,,,,,,,,411.3171,414.2817,,,,10,414.2824,421.1984,,,"[""right"",""right"",""left"",""left"",""space""]","[0.4982000000476887,0.715899999976159,1.294200000047681,6.023499999999956,6.83660000002385]","[null,null,null,null,null]",5,421.2002,422.9986,space,1.7099,,34,Celebrities_Faces/034_rating.jpg,Angelina Jolie,2,Angelina Jolie,2,TRUE,TRUE,25,0,36,36,33,1,34,Celebrities_Faces/034_rating.jpg,Anya Taylor-Joy,Maria Sharapova,Angelina Jolie,Nicole Kidman,Angelina Jolie,,,,,,,,,,,,,,,,,,,,,,,,,,,,,,,,,,,,,,,,,,,,,,,,,,,,,,,,,,,,,,,,,,,
,,,,,6972064f05789ba107fe0f9f,2026-01-22_11h14.37.321,WP1_3,2025.2.3,Win32,61.34969325,669177c66d14fd83c2a18125,695fcc08e6593b9a696132f7,,,,,,,,,,,,,,,,,,,,,,,,,,,,,,,,,,,,,,,,,423.0001,425.2816,,,,3,425.2825,430.3053,,,"[""space""]",[4.886000000000024],[null],5,430.3079,433.8652,space,3.4159,,22,Celebrities_Faces/022_rating.jpg,Lebron James,3,Lebron James,3,TRUE,FALSE,25,0,37,37,21,1,22,Celebrities_Faces/022_rating.jpg,George W.Bush,Lionel Messi,Leonardo Di Caprio,Lebron James,Lebron James,,,,,,,,,,,,,,,,,,,,,,,,,,,,,,,,,,,,,,,,,,,,,,,,,,,,,,,,,,,,,,,,,,,
,,,,,6972064f05789ba107fe0f9f,2026-01-22_11h14.37.321,WP1_3,2025.2.3,Win32,61.34969325,669177c66d14fd83c2a18125,695fcc08e6593b9a696132f7,,,,,,,,,,,,,,,,,,,,,,,,,,,,,,,,,,,,,,,,,433.8669,437.4317,,,,10,437.4325,440.8111,,,"[""left"",""space""]","[3.078700000047718,3.2789999999999964]","[null,null]",4,440.8134,442.2815,space,1.3905,,46,Celebrities_Faces/046_rating.jpg,Emma Stone,1,Emma Stone,1,TRUE,TRUE,26,0,38,38,45,1,46,Celebrities_Faces/046_rating.jpg,Halle Berry,Emma Stone,Emma Watson,Taylor Swift,Emma Stone,,,,,,,,,,,,,,,,,,,,,,,,,,,,,,,,,,,,,,,,,,,,,,,,,,,,,,,,,,,,,,,,,,,
,,,,,6972064f05789ba107fe0f9f,2026-01-22_11h14.37.321,WP1_3,2025.2.3,Win32,61.34969325,669177c66d14fd83c2a18125,695fcc08e6593b9a696132f7,,,,,,,,,,,,,,,,,,,,,,,,,,,,,,,,,,,,,,,,,442.2835,444.6813,,,,3,444.6823,447.0983,,,"[""left"",""space""]","[2.1161000000238346,2.2826000000238764]","[null,null]",4,447.1027,453.5649,space,6.3313,,35,Celebrities_Faces/035_rating.jpg,Lindsay Lohan,3,Lindsay Lohan,3,TRUE,FALSE,26,0,39,39,34,1,35,Celebrities_Faces/035_rating.jpg,Anya Taylor-Joy,Millie Bobby Brown,Keira Knightley,Lindsay Lohan,Lindsay Lohan,,,,,,,,,,,,,,,,,,,,,,,,,,,,,,,,,,,,,,,,,,,,,,,,,,,,,,,,,,,,,,,,,,,
,,,,,6972064f05789ba107fe0f9f,2026-01-22_11h14.37.321,WP1_3,2025.2.3,Win32,61.34969325,669177c66d14fd83c2a18125,695fcc08e6593b9a696132f7,,,,,,,,,,,,,,,,,,,,,,,,,,,,,,,,,,,,,,,,,453.566,455.7175,,,,3,455.7183,458.3815,,,"[""right"",""right"",""right"",""space""]","[1.5634999999999764,1.7791000000238455,1.996899999976165,2.5987999999522913]","[null,null,null,null]",8,458.3839,461.5651,space,3.1161,,43,Celebrities_Faces/043_rating.jpg,Maria Sharapova,3,Maria Sharapova,3,TRUE,FALSE,26,0,40,40,42,1,43,Celebrities_Faces/043_rating.jpg,Michelle Obama,Taylor Swift,Greta Thunberg,Maria Sharapova,Maria Sharapova,,,,,,,,,,,,,,,,,,,,,,,,,,,,,,,,,,,,,,,,,,,,,,,,,,,,,,,,,,,,,,,,,,,
,,,,,6972064f05789ba107fe0f9f,2026-01-22_11h14.37.321,WP1_3,2025.2.3,Win32,61.34969325,669177c66d14fd83c2a18125,695fcc08e6593b9a696132f7,,,,,,,,,,,,,,,,,,,,,,,,,,,,,,,,,,,,,,,,,461.5664,464.2984,,,,1,464.2996,466.4484,,,"[""space""]",[2.1172999999523654],[null],5,466.451,468.4158,space,1.9351,,56,Celebrities_Faces/056_rating.jpg,Reese Witherspoon,0,Reese Witherspoon,0,TRUE,FALSE,26,0,41,41,55,1,56,Celebrities_Faces/056_rating.jpg,Reese Witherspoon,Sandra Bullock,Nicole Kidman,Halle Berry,Reese Witherspoon,,,,,,,,,,,,,,,,,,,,,,,,,,,,,,,,,,,,,,,,,,,,,,,,,,,,,,,,,,,,,,,,,,,
,,,,,6972064f05789ba107fe0f9f,2026-01-22_11h14.37.321,WP1_3,2025.2.3,Win32,61.34969325,669177c66d14fd83c2a18125,695fcc08e6593b9a696132f7,,,,,,,,,,,,,,,,,,,,,,,,,,,,,,,,,,,,,,,,,468.4169,471.4482,,,,10,471.45,474.1878,,,"[""right"",""right"",""right"",""right"",""space""]","[1.177799999952299,1.4426000000238446,1.6261000000238255,2.2727999999523263,2.52020000004768]","[null,null,null,null,null]",9,474.1905,476.1482,space,1.804,,10,Celebrities_Faces/010_rating.jpg,Bruce Willis,0,Bruce Willis,0,TRUE,TRUE,27,0,42,42,9,1,10,Celebrities_Faces/010_rating.jpg,Bruce Willis,Arnold Schwarzeneger,George Clooney,Robert De Niro,Bruce Willis,,,,,,,,,,,,,,,,,,,,,,,,,,,,,,,,,,,,,,,,,,,,,,,,,,,,,,,,,,,,,,,,,,,
,,,,,6972064f05789ba107fe0f9f,2026-01-22_11h14.37.321,WP1_3,2025.2.3,Win32,61.34969325,669177c66d14fd83c2a18125,695fcc08e6593b9a696132f7,,,,,,,,,,,,,,,,,,,,,,,,,,,,,,,,,,,,,,,,,476.1499,478.7983,,,,2,478.7999,481.3101,,,"[""right"",""space""]","[1.5985000000000582,2.34800000000007]","[null,null]",6,481.3133,487.2346,space,5.7675,,29,Celebrities_Faces/029_rating.jpg,Tom Holland,0,Tom Holland,0,TRUE,FALSE,27,0,43,43,28,1,29,Celebrities_Faces/029_rating.jpg,Tom Holland,Bradley Cooper,Dwayne Johnson,George W.Bush,Tom Holland,,,,,,,,,,,,,,,,,,,,,,,,,,,,,,,,,,,,,,,,,,,,,,,,,,,,,,,,,,,,,,,,,,,
,,,,,6972064f05789ba107fe0f9f,2026-01-22_11h14.37.321,WP1_3,2025.2.3,Win32,61.34969325,669177c66d14fd83c2a18125,695fcc08e6593b9a696132f7,,,,,,,,,,,,,,,,,,,,,,,,,,,,,,,,,,,,,,,,,487.2361,489.3151,,,,10,489.3159,490.9482,,,"[""right"",""right"",""right"",""right"",""right"",""space""]","[0.5914999999999964,0.7946999999285254,0.9451000000238992,1.1103999999761527,1.264399999976149,1.5651999999284953]","[null,null,null,null,null,null]",10,490.951,492.0309,space,1.0385,,17,Celebrities_Faces/017_rating.jpg,Hugh Jackman,1,Hugh Jackman,1,TRUE,TRUE,28,0,44,44,16,1,17,Celebrities_Faces/017_rating.jpg,Keanu Reeves,Hugh Jackman,Ewan McGregor,Tom Cruise,Hugh Jackman,,,,,,,,,,,,,,,,,,,,,,,,,,,,,,,,,,,,,,,,,,,,,,,,,,,,,,,,,,,,,,,,,,,
,,,,,6972064f05789ba107fe0f9f,2026-01-22_11h14.37.321,WP1_3,2025.2.3,Win32,61.34969325,669177c66d14fd83c2a18125,695fcc08e6593b9a696132f7,,,,,,,,,,,,,,,,,,,,,,,,,,,,,,,,,,,,,,,,,492.0315,494.2869,,,,10,494.2881,497.011,,,"[""right"",""right"",""right"",""right"",""right"",""space""]","[0.6821000000238655,0.9118000000714801,1.0903999999761709,1.2638999999761609,1.4099999999999682,2.6406000000238237]","[null,null,null,null,null,null]",10,497.0152,498.7336,space,1.6622,,6,Celebrities_Faces/006_rating.jpg,Arnold Schwarzeneger,0,Arnold Schwarzeneger,0,TRUE,TRUE,29,0,45,45,5,1,6,Celebrities_Faces/006_rating.jpg,Arnold Schwarzeneger,Dwayne Johnson,Tom Cruise,Ryan Reynolds,Arnold Schwarzeneger,,,,,,,,,,,,,,,,,,,,,,,,,,,,,,,,,,,,,,,,,,,,,,,,,,,,,,,,,,,,,,,,,,,
,,,,,6972064f05789ba107fe0f9f,2026-01-22_11h14.37.321,WP1_3,2025.2.3,Win32,61.34969325,669177c66d14fd83c2a18125,695fcc08e6593b9a696132f7,,,,,,,,,,,,,,,,,,,,,,,,,,,,,,,,,,,,,,,,,498.735,501.0311,,,,10,501.0326,503.0443,,,"[""right"",""right"",""right"",""right"",""right"",""right"",""space""]","[0.7316000000238319,0.9486000000238164,1.1114000000953865,1.2794999999999845,1.441000000000031,1.562100000023861,1.91310000002386]","[null,null,null,null,null,null,null]",10,503.0465,504.2141,space,1.0696,,1,Celebrities_Faces/001_rating.jpg,Leonardo Di Caprio,2,Leonardo Di Caprio,2,TRUE,TRUE,30,0,46,46,0,1,1,Celebrities_Faces/001_rating.jpg,Ben Affleck,Daniel Craig,Leonardo Di Caprio,Roger Federer,Leonardo Di Caprio,,,,,,,,,,,,,,,,,,,,,,,,,,,,,,,,,,,,,,,,,,,,,,,,,,,,,,,,,,,,,,,,,,,
,,,,,6972064f05789ba107fe0f9f,2026-01-22_11h14.37.321,WP1_3,2025.2.3,Win32,61.34969325,669177c66d14fd83c2a18125,695fcc08e6593b9a696132f7,,,,,,,,,,,,,,,,,,,,,,,,,,,,,,,,,,,,,,,,,504.2153,506.9435,,,,9,506.9447,510.9313,,,"[""right"",""right"",""right"",""right"",""left"",""space""]","[1.6359999999999673,2.2017000000475946,2.3859999999999673,2.5517000000476173,3.0722000000475873,3.919200000047681]","[null,null,null,null,null,null]",8,510.9343,513.6477,space,2.635,,12,Celebrities_Faces/012_rating.jpg,Daniel Radcliffe,3,Daniel Radcliffe,3,TRUE,TRUE,31,0,47,47,11,1,12,Celebrities_Faces/012_rating.jpg,Bruce Willis,Ryan Reynolds,Ewan McGregor,Daniel Radcliffe,Daniel Radcliffe,,,,,,,,,,,,,,,,,,,,,,,,,,,,,,,,,,,,,,,,,,,,,,,,,,,,,,,,,,,,,,,,,,,
,,,,,6972064f05789ba107fe0f9f,2026-01-22_11h14.37.321,WP1_3,2025.2.3,Win32,61.34969325,669177c66d14fd83c2a18125,695fcc08e6593b9a696132f7,,,,,,,,,,,,,,,,,,,,,,,,,,,,,,,,,,,,,,,,,513.6492,516.0478,,,,7,516.0487,518.991,,,"[""right"",""right"",""left"",""left"",""left"",""space""]","[0.8601000000238628,1.063299999952278,1.5336000000238528,1.7098999999761872,1.9111000000237937,2.9082999999523054]","[null,null,null,null,null,null]",4,518.9933,521.0475,space,2.0139,,36,Celebrities_Faces/036_rating.jpg,Lady Gaga,3,Lady Gaga,3,TRUE,TRUE,32,0,48,48,35,1,36,Celebrities_Faces/036_rating.jpg,Serena Williams,Emma Stone,Julia Roberts,Lady Gaga,Lady Gaga,,,,,,,,,,,,,,,,,,,,,,,,,,,,,,,,,,,,,,,,,,,,,,,,,,,,,,,,,,,,,,,,,,,
,,,,,6972064f05789ba107fe0f9f,2026-01-22_11h14.37.321,WP1_3,2025.2.3,Win32,61.34969325,669177c66d14fd83c2a18125,695fcc08e6593b9a696132f7,,,,,,,,,,,,,,,,,,,,,,,,,,,,,,,,,,,,,,,,,521.0487,524.6642,,,,10,524.6649,526.931,,,"[""right"",""space""]","[2.0095999999045944,2.2422999999522517]","[null,null]",6,526.933,528.7822,space,1.8192,,20,Celebrities_Faces/020_rating.jpg,Matt Damon,1,Matt Damon,1,TRUE,TRUE,33,0,49,49,19,1,20,Celebrities_Faces/020_rating.jpg,Tom Cruise,Matt Damon,Chris Evans,Brad Pitt,Matt Damon,,,,,,,,,,,,,,,,,,,,,,,,,,,,,,,,,,,,,,,,,,,,,,,,,,,,,,,,,,,,,,,,,,,
,,,,,6972064f05789ba107fe0f9f,2026-01-22_11h14.37.321,WP1_3,2025.2.3,Win32,61.34969325,669177c66d14fd83c2a18125,695fcc08e6593b9a696132f7,,,,,,,,,,,,,,,,,,,,,,,,,,,,,,,,,,,,,,,,,528.7837,531.8979,,,,2,531.8995,535.0424,,,"[""space""]",[3.0727000000475755],[null],5,535.0447,539.2311,space,4.1195,,55,Celebrities_Faces/055_rating.jpg,Charlize Theron,3,Charlize Theron,3,TRUE,FALSE,33,0,50,50,54,1,55,Celebrities_Faces/055_rating.jpg,Natalie Portman,Margot Robbie,Angelina Jolie,Charlize Theron,Charlize Theron,,,,,,,,,,,,,,,,,,,,,,,,,,,,,,,,,,,,,,,,,,,,,,,,,,,,,,,,,,,,,,,,,,,
,,,,,6972064f05789ba107fe0f9f,2026-01-22_11h14.37.321,WP1_3,2025.2.3,Win32,61.34969325,669177c66d14fd83c2a18125,695fcc08e6593b9a696132f7,,,,,,,,,,,,,,,,,,,,,,,,,,,,,,,,,,,,,,,,,539.2321,543.5646,,,,9,543.5658,546.448,,,"[""space""]",[2.7205000000000155],[null],5,546.45,548.0645,space,1.4553,,48,Celebrities_Faces/048_rating.jpg,Jennifer Lawrence,0,Jennifer Lawrence,0,TRUE,TRUE,34,0,51,51,47,1,48,Celebrities_Faces/048_rating.jpg,Jennifer Lawrence,Lady Gaga,Anne Hathaway,Emma Stone,Jennifer Lawrence,,,,,,,,,,,,,,,,,,,,,,,,,,,,,,,,,,,,,,,,,,,,,,,,,,,,,,,,,,,,,,,,,,,
,,,,,6972064f05789ba107fe0f9f,2026-01-22_11h14.37.321,WP1_3,2025.2.3,Win32,61.34969325,669177c66d14fd83c2a18125,695fcc08e6593b9a696132f7,,,,,,,,,,,,,,,,,,,,,,,,,,,,,,,,,,,,,,,,,548.0661,550.7646,,,,2,550.7658,551.7153,,,"[""space""]",[0.8925000000000409],[null],5,551.7176,559.7147,space,7.9365,,7,Celebrities_Faces/007_rating.jpg,Ben Affleck,0,Ben Affleck,0,TRUE,FALSE,34,0,52,52,6,1,7,Celebrities_Faces/007_rating.jpg,Ben Affleck,Nicolas Cage,Henri Canvill,Leonardo Di Caprio,Ben Affleck,,,,,,,,,,,,,,,,,,,,,,,,,,,,,,,,,,,,,,,,,,,,,,,,,,,,,,,,,,,,,,,,,,,
,,,,,6972064f05789ba107fe0f9f,2026-01-22_11h14.37.321,WP1_3,2025.2.3,Win32,61.34969325,669177c66d14fd83c2a18125,695fcc08e6593b9a696132f7,,,,,,,,,,,,,,,,,,,,,,,,,,,,,,,,,,,,,,,,,559.7168,562.4146,,,,7,562.4159,564.7648,,,"[""space""]",[2.2388999999761836],[null],5,564.7676,566.2646,space,1.389,,60,Celebrities_Faces/060_rating.jpg,Anya Taylor-Joy,1,Anya Taylor-Joy,1,TRUE,TRUE,35,0,53,53,59,1,60,Celebrities_Faces/060_rating.jpg,Emma Stone,Anya Taylor-Joy,Michelle Obama,Halle Berry,Anya Taylor-Joy,,,,,,,,,,,,,,,,,,,,,,,,,,,,,,,,,,,,,,,,,,,,,,,,,,,,,,,,,,,,,,,,,,,
,,,,,6972064f05789ba107fe0f9f,2026-01-22_11h14.37.321,WP1_3,2025.2.3,Win32,61.34969325,669177c66d14fd83c2a18125,695fcc08e6593b9a696132f7,,,,,,,,,,,,,,,,,,,,,,,,,,,,,,,,,,,,,,,,,566.2659,568.4644,,,,2,568.4656,570.1315,,,"[""space""]",[1.598900000095341],[null],5,570.1342,576.6477,space,6.4528,,21,Celebrities_Faces/021_rating.jpg,Henri Canvill,0,Henri Canvill,0,TRUE,FALSE,35,0,54,54,20,1,21,Celebrities_Faces/021_rating.jpg,Henri Canvill,George Clooney,Bradley Cooper,Tom Holland,Henri Canvill,,,,,,,,,,,,,,,,,,,,,,,,,,,,,,,,,,,,,,,,,,,,,,,,,,,,,,,,,,,,,,,,,,,
,,,,,6972064f05789ba107fe0f9f,2026-01-22_11h14.37.321,WP1_3,2025.2.3,Win32,61.34969325,669177c66d14fd83c2a18125,695fcc08e6593b9a696132f7,,,,,,,,,,,,,,,,,,,,,,,,,,,,,,,,,,,,,,,,,576.6487,579.098,,,,10,579.099,580.6939,,,"[""right"",""right"",""right"",""space""]","[0.6536000000238573,1.11850000000004,1.3352000000477346,1.5188999999761563]","[null,null,null,null]",8,580.6981,582.5808,space,1.7984,,23,Celebrities_Faces/023_rating.jpg,Ryan Gosling,2,Ryan Gosling,2,TRUE,TRUE,36,0,55,55,22,1,23,Celebrities_Faces/023_rating.jpg,Brad Pitt,Cristiano Ronaldo,Ryan Gosling,Tom Holland,Ryan Gosling,,,,,,,,,,,,,,,,,,,,,,,,,,,,,,,,,,,,,,,,,,,,,,,,,,,,,,,,,,,,,,,,,,,
,,,,,6972064f05789ba107fe0f9f,2026-01-22_11h14.37.321,WP1_3,2025.2.3,Win32,61.34969325,669177c66d14fd83c2a18125,695fcc08e6593b9a696132f7,,,,,,,,,,,,,,,,,,,,,,,,,,,,,,,,,,,,,,,,,582.5816,585.6376,,,,3,585.6383,586.7807,,,"[""space""]",[1.0911000000238573],[null],5,586.7835,590.2978,space,3.4568,,39,Celebrities_Faces/039_rating.jpg,Scarlett Johansson,1,Scarlett Johansson,1,TRUE,FALSE,36,0,56,56,38,1,39,Celebrities_Faces/039_rating.jpg,Simone Biles,Scarlett Johansson,Gal Gadot,Hillary Clinton,Scarlett Johansson,,,,,,,,,,,,,,,,,,,,,,,,,,,,,,,,,,,,,,,,,,,,,,,,,,,,,,,,,,,,,,,,,,,
,,,,,6972064f05789ba107fe0f9f,2026-01-22_11h14.37.321,WP1_3,2025.2.3,Win32,61.34969325,669177c66d14fd83c2a18125,695fcc08e6593b9a696132f7,,,,,,,,,,,,,,,,,,,,,,,,,,,,,,,,,,,,,,,,,590.2987,592.3771,,,,3,592.3781,593.8522,,,"[""space""]",[1.4064000000953456],[null],5,593.8556,596.7263,space,2.7989,,11,Celebrities_Faces/011_rating.jpg,Chris Evans,0,Chris Evans,0,TRUE,FALSE,36,0,57,57,10,1,11,Celebrities_Faces/011_rating.jpg,Chris Evans,Daniel Craig,Ryan Reynolds,Arnold Schwarzeneger,Chris Evans,,,,,,,,,,,,,,,,,,,,,,,,,,,,,,,,,,,,,,,,,,,,,,,,,,,,,,,,,,,,,,,,,,,
,,,,,6972064f05789ba107fe0f9f,2026-01-22_11h14.37.321,WP1_3,2025.2.3,Win32,61.34969325,669177c66d14fd83c2a18125,695fcc08e6593b9a696132f7,,,,,,,,,,,,,,,,,,,,,,,,,,,,,,,,,,,,,,,,,596.7277,599.1308,,,,2,599.1315,600.5477,,,"[""space""]",[1.3831000000238873],[null],5,600.5495,605.1349,space,4.5449,,16,Celebrities_Faces/016_rating.jpg,Ewan McGregor,0,Ewan McGregor,0,TRUE,FALSE,36,0,58,58,15,1,16,Celebrities_Faces/016_rating.jpg,Ewan McGregor,Robert De Niro,Lionel Messi,Leonardo Di Caprio,Ewan McGregor,,,,,,,,,,,,,,,,,,,,,,,,,,,,,,,,,,,,,,,,,,,,,,,,,,,,,,,,,,,,,,,,,,,
,,,,,6972064f05789ba107fe0f9f,2026-01-22_11h14.37.321,WP1_3,2025.2.3,Win32,61.34969325,669177c66d14fd83c2a18125,695fcc08e6593b9a696132f7,,,,,,,,,,,,,,,,,,,,,,,,,,,,,,,,,,,,,,,,,605.1362,607.0979,,,,10,607.0989,608.7301,,,"[""right"",""space""]","[1.2661000000238118,1.5146000000238473]","[null,null]",6,608.7321,610.8307,space,1.9926,,8,Celebrities_Faces/008_rating.jpg,Brad Pitt,3,Brad Pitt,3,TRUE,TRUE,37,0,59,59,7,1,8,Celebrities_Faces/008_rating.jpg,Cristiano Ronaldo,Daniel Craig,Lionel Messi,Brad Pitt,Brad Pitt,,,,,,,,,,,,,,,,,,,,,,,,,,,,,,,,,,,,,,,,,,,,,,,,,,,,,,,,,,,,,,,,,,,
,,,,,6972064f05789ba107fe0f9f,2026-01-22_11h14.37.321,WP1_3,2025.2.3,Win32,61.34969325,669177c66d14fd83c2a18125,695fcc08e6593b9a696132f7,,,,,,,,,,,,,,,,,,,,,,,,,,,,,,,,,,,,,,,,,,,,,,,,,,,,,,,,,,,,,,,,,,,,,,,,,,,,,,,,,top_30_qualified_by_familiarity,30,"54,38,37,50,45,19,52,32,30,27,33,51,3,14,34,46,10,17,6,1,20,23,8,4,28,12,48,44,40,15",610.8331,630.8317,,,,,,,,,,,,,,,,,,,,,,,,,,,,,,,,,,,,,,,,,,,,,,,,,,,,,,,,,,,,,,
,,,,,6972064f05789ba107fe0f9f,2026-01-22_11h14.37.321,WP1_3,2025.2.3,Win32,61.34969325,669177c66d14fd83c2a18125,695fcc08e6593b9a696132f7,,,,,,,,,,,,,,,,,,,,,,,,,,,,,,,,,,,,,,,,,,,,,,,,,,,,,,,,,,,,,,,,,,,,,,,,,,,,,,,,,,,,,,630.836,630.8367,,,,,,,,,,,,,,,,,,,,,,,,,,,,,,,,,,,,,,,,,,,,,,,,,,,,,,,,,,,,
,,,,,6972064f05789ba107fe0f9f,2026-01-22_11h14.37.321,WP1_3,2025.2.3,Win32,61.34969325,669177c66d14fd83c2a18125,695fcc08e6593b9a696132f7,,,,,,,,,,,,,,,,,,,,,,,,,,,,,,,,,,,,,,,,,,,,,,,,,,,,,,,,,,,,,,,,,,,,,,,,,,,,,,,,,,,,,,,,630.8369,644.9488,space,14.0578,,,,,,,,,,,,,,,,,,,,,,,,,,,,,,,,,,,,,,,,,,,,,,,,,,,,,,,,
,,,,,6972064f05789ba107fe0f9f,2026-01-22_11h14.37.321,WP1_3,2025.2.3,Win32,61.34969325,669177c66d14fd83c2a18125,695fcc08e6593b9a696132f7,,,,,,,,,,,,,,,,,,,,,,,,,,,,,,,,,,,,,,,,,,,,,,,,,,,,,,,,,,,,,,,,,,,,,,,,,,,,,,,,,,,,,,,,,,,,,644.9493,650.1479,space,5.1593,,,,,,,,,,,,,,,,,,,,,,,,,,,,,,,,,,,,,,,,,,,,,,,,,,,
,,,,,6972064f05789ba107fe0f9f,2026-01-22_11h14.37.321,WP1_3,2025.2.3,Win32,61.34969325,669177c66d14fd83c2a18125,695fcc08e6593b9a696132f7,,,,,,,,,,,,,,,,,,,,,,,,,,,,,,,,,,,,,,,,,,,,,,,,,,,,,,,,,,,,95,,,,,,,,,,,,,,,,,,,,,,,,,,,,,,,,,,,,,,1.758729043,650.1535,651.9031,651.9049,654.0055,[],[],,TRUE,1,FALSE,,TRUE,,0,0,0,0,1,,,,,,,,,,,,,,,,,,,,,,,,,,,,,,,
,,,,,6972064f05789ba107fe0f9f,2026-01-22_11h14.37.321,WP1_3,2025.2.3,Win32,61.34969325,669177c66d14fd83c2a18125,695fcc08e6593b9a696132f7,,,,,,,,,,,,,,,,,,,,,,,,,,,,,,,,,,,,,,,,,,,,,,,,,,,,,,,,,,,,90,,,,,,,,,,,,,,,,,,,,,,,,,,,,,,,,,,,,,,1.819524757,654.0066,655.8144,655.8158,656.9304,[],[],,TRUE,2,FALSE,,TRUE,,1,0,1,0,1,,,,,,,,,,,,,,,,,,,,,,,,,,,,,,,
,,,,,6972064f05789ba107fe0f9f,2026-01-22_11h14.37.321,WP1_3,2025.2.3,Win32,61.34969325,669177c66d14fd83c2a18125,695fcc08e6593b9a696132f7,,,,,,,,,,,,,,,,,,,,,,,,,,,,,,,,,,,,,,,,,,,,,,,,,,,,,,,,,,,,31,,,,,,,,,,,,,,,,,,,,,,,,,,,,,,,,,,,,,,1.983686257,656.9306,658.9141,658.9151,660.0305,[],[],,TRUE,3,TRUE,,TRUE,,2,0,2,0,1,,,,,,,,,,,,,,,,,,,,,,,,,,,,,,,
,,,,,6972064f05789ba107fe0f9f,2026-01-22_11h14.37.321,WP1_3,2025.2.3,Win32,61.34969325,669177c66d14fd83c2a18125,695fcc08e6593b9a696132f7,,,,,,,,,,,,,,,,,,,,,,,,,,,,,,,,,,,,,,,,,,,,,,,,,,,,,,,,,,,,101,,,,,,,,,,,,,,,,,,,,,,,,,,,,,,,,,,,,,,1.639247303,660.0313,661.6652,661.6675,662.6537,p,0.8843,,TRUE,4,FALSE,,FALSE,,3,0,3,0,1,,,,,,,,,,,,,,,,,,,,,,,,,,,,,,,
,,,,,6972064f05789ba107fe0f9f,2026-01-22_11h14.37.321,WP1_3,2025.2.3,Win32,61.34969325,669177c66d14fd83c2a18125,695fcc08e6593b9a696132f7,,,,,,,,,,,,,,,,,,,,,,,,,,,,,,,,,,,,,,,,,,,,,,,,,,,,,,,,,,,,68,,,,,,,,,,,,,,,,,,,,,,,,,,,,,,,,,,,,,,2.235236632,662.6547,664.8805,664.8817,666.9977,[],[],,TRUE,5,FALSE,,TRUE,,4,0,4,0,1,,,,,,,,,,,,,,,,,,,,,,,,,,,,,,,
,,,,,6972064f05789ba107fe0f9f,2026-01-22_11h14.37.321,WP1_3,2025.2.3,Win32,61.34969325,669177c66d14fd83c2a18125,695fcc08e6593b9a696132f7,,,,,,,,,,,,,,,,,,,,,,,,,,,,,,,,,,,,,,,,,,,,,,,,,,,,,,,,,,,,,,,,,,,,,,,,,,,,,,,,,,,,,,,,,,,,,,,,,,,,,,,,,,,,,,,,,,,,,666.9983,670.8146,space,3.7847,,,,,,,,,,,,,,,,,,,,,,,,,,,
,,,,,6972064f05789ba107fe0f9f,2026-01-22_11h14.37.321,WP1_3,2025.2.3,Win32,61.34969325,669177c66d14fd83c2a18125,695fcc08e6593b9a696132f7,,,,,,,,,,,,,,,,,,,,,,,,,,,,,,,,,,,,,,,,,,,,,,,,,,,,,,,,,,,,76,stim_fam/076_rgray_250.png,,,,,,,,,,,,,,,,,,,,,,,,,,,,,,,,,,,,,1.631166427,670.8183,672.4479,,,,,,,,FALSE,,TRUE,,,,,,,,,,,,672.4501,673.5644,,1,51,1,1,250,novel,,,FALSE,673.5654,674.5648,674.5651,674.5671,,0,0,0,0,1,,,,
,,,,,6972064f05789ba107fe0f9f,2026-01-22_11h14.37.321,WP1_3,2025.2.3,Win32,61.34969325,669177c66d14fd83c2a18125,695fcc08e6593b9a696132f7,,,,,,,,,,,,,,,,,,,,,,,,,,,,,,,,,,,,,,,,,,,,,,,,,,,,,,,,,,,,14,Celebrities_Faces/014_02_greyscale_250.png,,,,,,,,,,,,,,,,,,,,,,,,,,,,,,,,,,,,,1.746404604,674.5676,676.3139,,,,,,,,TRUE,,FALSE,,,,,,,,,,,,676.3156,677.131,p,2,14,1,1,2,familiar,,,FALSE,677.1314,677.1315,677.1315,677.1317,,1,0,1,0,1,0.7175,,,
,,,,,6972064f05789ba107fe0f9f,2026-01-22_11h14.37.321,WP1_3,2025.2.3,Win32,61.34969325,669177c66d14fd83c2a18125,695fcc08e6593b9a696132f7,,,,,,,,,,,,,,,,,,,,,,,,,,,,,,,,,,,,,,,,,,,,,,,,,,,,,,,,,,,,26,stim_fam/026_rgray_250.png,,,,,,,,,,,,,,,,,,,,,,,,,,,,,,,,,,,,,2.208567699,677.1323,679.3303,,,,,,,,FALSE,,FALSE,,,,,,,,,,,,679.3316,680.359,p,3,45,1,1,250,novel,,,FALSE,680.3593,680.3593,680.3593,680.3597,,2,0,2,0,1,0.944,,,
,,,,,6972064f05789ba107fe0f9f,2026-01-22_11h14.37.321,WP1_3,2025.2.3,Win32,61.34969325,669177c66d14fd83c2a18125,695fcc08e6593b9a696132f7,,,,,,,,,,,,,,,,,,,,,,,,,,,,,,,,,,,,,,,,,,,,,,,,,,,,,,,,,,,,96,stim_fam/096_rgray_250.png,,,,,,,,,,,,,,,,,,,,,,,,,,,,,,,,,,,,,1.925834406,680.3606,682.2805,,,,,,,,FALSE,,FALSE,,,,,,,,,,,,682.2816,683.2305,p,4,43,1,1,250,novel,,,FALSE,683.2307,683.2307,683.2307,683.2308,,3,0,3,0,1,0.8682,,,
,,,,,6972064f05789ba107fe0f9f,2026-01-22_11h14.37.321,WP1_3,2025.2.3,Win32,61.34969325,669177c66d14fd83c2a18125,695fcc08e6593b9a696132f7,,,,,,,,,,,,,,,,,,,,,,,,,,,,,,,,,,,,,,,,,,,,,,,,,,,,,,,,,,,,38,Celebrities_Faces/038_01_greyscale_250.png,,,,,,,,,,,,,,,,,,,,,,,,,,,,,,,,,,,,,1.999527652,683.231,685.2308,,,,,,,,TRUE,,FALSE,,,,,,,,,,,,685.2319,686.0472,p,5,2,1,1,1,familiar,,,FALSE,686.0474,686.0475,686.0475,686.0476,,4,0,4,0,1,0.7227,,,
,,,,,6972064f05789ba107fe0f9f,2026-01-22_11h14.37.321,WP1_3,2025.2.3,Win32,61.34969325,669177c66d14fd83c2a18125,695fcc08e6593b9a696132f7,,,,,,,,,,,,,,,,,,,,,,,,,,,,,,,,,,,,,,,,,,,,,,,,,,,,,,,,,,,,12,Celebrities_Faces/012_02_greyscale_250.png,,,,,,,,,,,,,,,,,,,,,,,,,,,,,,,,,,,,,1.686479478,686.0479,687.7305,,,,,,,,TRUE,,FALSE,,,,,,,,,,,,687.7316,688.664,q,6,26,1,1,2,familiar,,,FALSE,688.6643,688.6644,688.6644,688.6645,,5,0,5,0,1,0.8457,,,
,,,,,6972064f05789ba107fe0f9f,2026-01-22_11h14.37.321,WP1_3,2025.2.3,Win32,61.34969325,669177c66d14fd83c2a18125,695fcc08e6593b9a696132f7,,,,,,,,,,,,,,,,,,,,,,,,,,,,,,,,,,,,,,,,,,,,,,,,,,,,,,,,,,,,36,stim_fam/036_rgray_250.png,,,,,,,,,,,,,,,,,,,,,,,,,,,,,,,,,,,,,1.508019486,688.6648,690.1638,,,,,,,,FALSE,,FALSE,,,,,,,,,,,,690.1652,691.0478,p,7,52,1,1,250,novel,,,FALSE,691.0482,691.0484,691.0485,691.0485,,6,0,6,0,1,0.7822,,,
,,,,,6972064f05789ba107fe0f9f,2026-01-22_11h14.37.321,WP1_3,2025.2.3,Win32,61.34969325,669177c66d14fd83c2a18125,695fcc08e6593b9a696132f7,,,,,,,,,,,,,,,,,,,,,,,,,,,,,,,,,,,,,,,,,,,,,,,,,,,,,,,,,,,,27,stim_fam/027_rgray_250.png,,,,,,,,,,,,,,,,,,,,,,,,,,,,,,,,,,,,,2.431478592,691.049,693.4808,,,,,,,,FALSE,,FALSE,,,,,,,,,,,,693.4821,694.4308,p,8,59,1,1,250,novel,,,FALSE,694.431,694.4311,694.4311,694.4314,,7,0,7,0,1,0.8559,,,
,,,,,6972064f05789ba107fe0f9f,2026-01-22_11h14.37.321,WP1_3,2025.2.3,Win32,61.34969325,669177c66d14fd83c2a18125,695fcc08e6593b9a696132f7,,,,,,,,,,,,,,,,,,,,,,,,,,,,,,,,,,,,,,,,,,,,,,,,,,,,,,,,,,,,15,Celebrities_Faces/015_01_greyscale_250.png,,,,,,,,,,,,,,,,,,,,,,,,,,,,,,,,,,,,,2.38445223,694.4321,696.8138,,,,,,,,TRUE,,FALSE,,,,,,,,,,,,696.8146,697.815,p,9,30,1,1,1,familiar,,,FALSE,697.8153,697.8154,697.8155,697.8156,,8,0,8,0,1,0.9039,,,
,,,,,6972064f05789ba107fe0f9f,2026-01-22_11h14.37.321,WP1_3,2025.2.3,Win32,61.34969325,669177c66d14fd83c2a18125,695fcc08e6593b9a696132f7,,,,,,,,,,,,,,,,,,,,,,,,,,,,,,,,,,,,,,,,,,,,,,,,,,,,,,,,,,,,67,stim_fam/067_rgray_250.png,,,,,,,,,,,,,,,,,,,,,,,,,,,,,,,,,,,,,1.877996257,697.8162,699.6819,,,,,,,,FALSE,,FALSE,,,,,,,,,,,,699.6826,700.5978,p,10,57,1,1,250,novel,,,FALSE,700.5981,700.5982,700.5982,700.5988,,9,0,9,0,1,0.813,,,
,,,,,6972064f05789ba107fe0f9f,2026-01-22_11h14.37.321,WP1_3,2025.2.3,Win32,61.34969325,669177c66d14fd83c2a18125,695fcc08e6593b9a696132f7,,,,,,,,,,,,,,,,,,,,,,,,,,,,,,,,,,,,,,,,,,,,,,,,,,,,,,,,,,,,6,stim_fam/006_rgray_250.png,,,,,,,,,,,,,,,,,,,,,,,,,,,,,,,,,,,,,2.431262901,700.5993,703.0423,,,,,,,,FALSE,,FALSE,,,,,,,,,,,,703.0435,703.9477,p,11,48,1,1,250,novel,,,FALSE,703.948,703.948,703.948,703.9483,,10,0,10,0,1,0.8166,,,
,,,,,6972064f05789ba107fe0f9f,2026-01-22_11h14.37.321,WP1_3,2025.2.3,Win32,61.34969325,669177c66d14fd83c2a18125,695fcc08e6593b9a696132f7,,,,,,,,,,,,,,,,,,,,,,,,,,,,,,,,,,,,,,,,,,,,,,,,,,,,,,,,,,,,20,Celebrities_Faces/020_01_greyscale_250.png,,,,,,,,,,,,,,,,,,,,,,,,,,,,,,,,,,,,,2.002960212,703.9493,705.947,,,,,,,,TRUE,,FALSE,,,,,,,,,,,,705.9478,706.8801,q,12,21,1,1,1,familiar,,,FALSE,706.8806,706.8806,706.8806,706.8809,,11,0,11,0,1,0.8325,,,
,,,,,6972064f05789ba107fe0f9f,2026-01-22_11h14.37.321,WP1_3,2025.2.3,Win32,61.34969325,669177c66d14fd83c2a18125,695fcc08e6593b9a696132f7,,,,,,,,,,,,,,,,,,,,,,,,,,,,,,,,,,,,,,,,,,,,,,,,,,,,,,,,,,,,37,Celebrities_Faces/037_02_greyscale_250.png,,,,,,,,,,,,,,,,,,,,,,,,,,,,,,,,,,,,,1.855347896,706.8811,708.7305,,,,,,,,TRUE,,TRUE,,,,,,,,,,,,708.7325,709.8469,,13,3,1,1,2,familiar,,,FALSE,709.8473,710.8382,710.8382,710.8384,,12,0,12,0,1,,,,
,,,,,6972064f05789ba107fe0f9f,2026-01-22_11h14.37.321,WP1_3,2025.2.3,Win32,61.34969325,669177c66d14fd83c2a18125,695fcc08e6593b9a696132f7,,,,,,,,,,,,,,,,,,,,,,,,,,,,,,,,,,,,,,,,,,,,,,,,,,,,,,,,,,,,1,Celebrities_Faces/001_01_greyscale_250.png,,,,,,,,,,,,,,,,,,,,,,,,,,,,,,,,,,,,,2.034379759,710.8387,712.8645,,,,,,,,TRUE,,FALSE,,,,,,,,,,,,712.8663,713.7472,q,14,20,1,1,1,familiar,,,FALSE,713.7474,713.7476,713.7476,713.7478,,13,0,13,0,1,0.7663,,,
,,,,,6972064f05789ba107fe0f9f,2026-01-22_11h14.37.321,WP1_3,2025.2.3,Win32,61.34969325,669177c66d14fd83c2a18125,695fcc08e6593b9a696132f7,,,,,,,,,,,,,,,,,,,,,,,,,,,,,,,,,,,,,,,,,,,,,,,,,,,,,,,,,,,,74,stim_fam/074_rgray_250.png,,,,,,,,,,,,,,,,,,,,,,,,,,,,,,,,,,,,,1.854702417,713.7481,715.5971,,,,,,,,FALSE,,FALSE,,,,,,,,,,,,715.5982,716.314,p,15,55,1,1,250,novel,,,FALSE,716.3143,716.3144,716.3145,716.3145,,14,0,14,0,1,0.6279,,,
,,,,,6972064f05789ba107fe0f9f,2026-01-22_11h14.37.321,WP1_3,2025.2.3,Win32,61.34969325,669177c66d14fd83c2a18125,695fcc08e6593b9a696132f7,,,,,,,,,,,,,,,,,,,,,,,,,,,,,,,,,,,,,,,,,,,,,,,,,,,,,,,,,,,,57,stim_fam/057_rgray_250.png,,,,,,,,,,,,,,,,,,,,,,,,,,,,,,,,,,,,,1.70228015,716.3151,718.0134,,,,,,,,FALSE,,FALSE,,,,,,,,,,,,718.0148,718.6804,p,16,60,1,1,250,novel,,,FALSE,718.6806,718.6809,718.6809,718.6811,,15,0,15,0,1,0.5782,,,
,,,,,6972064f05789ba107fe0f9f,2026-01-22_11h14.37.321,WP1_3,2025.2.3,Win32,61.34969325,669177c66d14fd83c2a18125,695fcc08e6593b9a696132f7,,,,,,,,,,,,,,,,,,,,,,,,,,,,,,,,,,,,,,,,,,,,,,,,,,,,,,,,,,,,50,Celebrities_Faces/050_01_greyscale_250.png,,,,,,,,,,,,,,,,,,,,,,,,,,,,,,,,,,,,,1.620317753,718.6816,720.2974,,,,,,,,TRUE,,FALSE,,,,,,,,,,,,720.2984,720.9638,p,17,4,1,1,1,familiar,,,FALSE,720.9644,720.9645,720.9646,720.9646,,16,0,16,0,1,0.551,,,
,,,,,6972064f05789ba107fe0f9f,2026-01-22_11h14.37.321,WP1_3,2025.2.3,Win32,61.34969325,669177c66d14fd83c2a18125,695fcc08e6593b9a696132f7,,,,,,,,,,,,,,,,,,,,,,,,,,,,,,,,,,,,,,,,,,,,,,,,,,,,,,,,,,,,77,stim_fam/077_rgray_250.png,,,,,,,,,,,,,,,,,,,,,,,,,,,,,,,,,,,,,1.943069024,720.9652,722.8967,,,,,,,,FALSE,,FALSE,,,,,,,,,,,,722.8978,723.7302,p,18,46,1,1,250,novel,,,FALSE,723.7304,723.7305,723.7305,723.7305,,17,0,17,0,1,0.7476,,,
,,,,,6972064f05789ba107fe0f9f,2026-01-22_11h14.37.321,WP1_3,2025.2.3,Win32,61.34969325,669177c66d14fd83c2a18125,695fcc08e6593b9a696132f7,,,,,,,,,,,,,,,,,,,,,,,,,,,,,,,,,,,,,,,,,,,,,,,,,,,,,,,,,,,,32,Celebrities_Faces/032_01_greyscale_250.png,,,,,,,,,,,,,,,,,,,,,,,,,,,,,,,,,,,,,2.020546903,723.7313,725.747,,,,,,,,TRUE,,FALSE,,,,,,,,,,,,725.7481,726.6131,p,19,8,1,1,1,familiar,,,FALSE,726.6133,726.6133,726.6134,726.6134,,18,0,18,0,1,0.746,,,
,,,,,6972064f05789ba107fe0f9f,2026-01-22_11h14.37.321,WP1_3,2025.2.3,Win32,61.34969325,669177c66d14fd83c2a18125,695fcc08e6593b9a696132f7,,,,,,,,,,,,,,,,,,,,,,,,,,,,,,,,,,,,,,,,,,,,,,,,,,,,,,,,,,,,10,Celebrities_Faces/010_02_greyscale_250.png,,,,,,,,,,,,,,,,,,,,,,,,,,,,,,,,,,,,,1.887939762,726.6136,728.4969,,,,,,,,TRUE,,FALSE,,,,,,,,,,,,728.4983,729.4139,p,20,17,1,1,2,familiar,,,FALSE,729.4143,729.4145,729.4145,729.4145,,19,0,19,0,1,0.8212,,,
,,,,,6972064f05789ba107fe0f9f,2026-01-22_11h14.37.321,WP1_3,2025.2.3,Win32,61.34969325,669177c66d14fd83c2a18125,695fcc08e6593b9a696132f7,,,,,,,,,,,,,,,,,,,,,,,,,,,,,,,,,,,,,,,,,,,,,,,,,,,,,,,,,,,,6,Celebrities_Faces/006_01_greyscale_250.png,,,,,,,,,,,,,,,,,,,,,,,,,,,,,,,,,,,,,1.555598248,729.4148,730.9639,,,,,,,,TRUE,,FALSE,,,,,,,,,,,,730.9651,731.9467,q,21,19,1,1,1,familiar,,,FALSE,731.947,731.947,731.9471,731.9473,,20,0,20,0,1,0.8908,,,
,,,,,6972064f05789ba107fe0f9f,2026-01-22_11h14.37.321,WP1_3,2025.2.3,Win32,61.34969325,669177c66d14fd83c2a18125,695fcc08e6593b9a696132f7,,,,,,,,,,,,,,,,,,,,,,,,,,,,,,,,,,,,,,,,,,,,,,,,,,,,,,,,,,,,21,stim_fam/021_rgray_250.png,,,,,,,,,,,,,,,,,,,,,,,,,,,,,,,,,,,,,2.056284295,731.948,733.9971,,,,,,,,FALSE,,FALSE,,,,,,,,,,,,733.9978,734.8138,p,22,37,1,1,250,novel,,,FALSE,734.814,734.8141,734.8143,734.8146,,21,0,21,0,1,0.7186,,,
,,,,,6972064f05789ba107fe0f9f,2026-01-22_11h14.37.321,WP1_3,2025.2.3,Win32,61.34969325,669177c66d14fd83c2a18125,695fcc08e6593b9a696132f7,,,,,,,,,,,,,,,,,,,,,,,,,,,,,,,,,,,,,,,,,,,,,,,,,,,,,,,,,,,,19,Celebrities_Faces/019_02_greyscale_250.png,,,,,,,,,,,,,,,,,,,,,,,,,,,,,,,,,,,,,2.021205308,734.8151,736.8424,,,,,,,,TRUE,,FALSE,,,,,,,,,,,,736.8433,737.8138,q,23,6,1,1,2,familiar,,,FALSE,737.8141,737.8141,737.8141,737.8142,,22,0,22,0,1,0.8712,,,
,,,,,6972064f05789ba107fe0f9f,2026-01-22_11h14.37.321,WP1_3,2025.2.3,Win32,61.34969325,669177c66d14fd83c2a18125,695fcc08e6593b9a696132f7,,,,,,,,,,,,,,,,,,,,,,,,,,,,,,,,,,,,,,,,,,,,,,,,,,,,,,,,,,,,84,stim_fam/084_rgray_250.png,,,,,,,,,,,,,,,,,,,,,,,,,,,,,,,,,,,,,1.896274499,737.8146,739.7071,,,,,,,,FALSE,,FALSE,,,,,,,,,,,,739.7078,740.697,p,24,49,1,1,250,novel,,,FALSE,740.6973,740.6973,740.6974,740.6975,,23,0,23,0,1,0.896,,,
,,,,,6972064f05789ba107fe0f9f,2026-01-22_11h14.37.321,WP1_3,2025.2.3,Win32,61.34969325,669177c66d14fd83c2a18125,695fcc08e6593b9a696132f7,,,,,,,,,,,,,,,,,,,,,,,,,,,,,,,,,,,,,,,,,,,,,,,,,,,,,,,,,,,,23,Celebrities_Faces/023_01_greyscale_250.png,,,,,,,,,,,,,,,,,,,,,,,,,,,,,,,,,,,,,1.722802859,740.6977,742.4241,,,,,,,,TRUE,,TRUE,,,,,,,,,,,,742.425,743.5308,q,25,22,1,1,1,familiar,,,FALSE,743.5312,744.5301,744.5301,744.5302,,24,0,24,0,1,1.015,,,
,,,,,6972064f05789ba107fe0f9f,2026-01-22_11h14.37.321,WP1_3,2025.2.3,Win32,61.34969325,669177c66d14fd83c2a18125,695fcc08e6593b9a696132f7,,,,,,,,,,,,,,,,,,,,,,,,,,,,,,,,,,,,,,,,,,,,,,,,,,,,,,,,,,,,3,Celebrities_Faces/003_01_greyscale_250.png,,,,,,,,,,,,,,,,,,,,,,,,,,,,,,,,,,,,,1.507768913,744.5306,746.0347,,,,,,,,TRUE,,FALSE,,,,,,,,,,,,746.036,746.9301,p,26,13,1,1,1,familiar,,,FALSE,746.9304,746.9304,746.9304,746.9305,,25,0,25,0,1,0.7909,,,
,,,,,6972064f05789ba107fe0f9f,2026-01-22_11h14.37.321,WP1_3,2025.2.3,Win32,61.34969325,669177c66d14fd83c2a18125,695fcc08e6593b9a696132f7,,,,,,,,,,,,,,,,,,,,,,,,,,,,,,,,,,,,,,,,,,,,,,,,,,,,,,,,,,,,20,stim_fam/020_rgray_250.png,,,,,,,,,,,,,,,,,,,,,,,,,,,,,,,,,,,,,2.378983957,746.9309,749.3134,,,,,,,,FALSE,,FALSE,,,,,,,,,,,,749.3145,750.131,p,27,41,1,1,250,novel,,,FALSE,750.1314,750.1314,750.1314,750.1316,,26,0,26,0,1,0.725,,,
,,,,,6972064f05789ba107fe0f9f,2026-01-22_11h14.37.321,WP1_3,2025.2.3,Win32,61.34969325,669177c66d14fd83c2a18125,695fcc08e6593b9a696132f7,,,,,,,,,,,,,,,,,,,,,,,,,,,,,,,,,,,,,,,,,,,,,,,,,,,,,,,,,,,,81,stim_fam/081_rgray_250.png,,,,,,,,,,,,,,,,,,,,,,,,,,,,,,,,,,,,,1.746241197,750.1322,751.8805,,,,,,,,FALSE,,FALSE,,,,,,,,,,,,751.8812,752.7801,p,28,31,1,1,250,novel,,,FALSE,752.7803,752.7803,752.7804,752.7805,,27,0,27,0,1,0.7938,,,
,,,,,6972064f05789ba107fe0f9f,2026-01-22_11h14.37.321,WP1_3,2025.2.3,Win32,61.34969325,669177c66d14fd83c2a18125,695fcc08e6593b9a696132f7,,,,,,,,,,,,,,,,,,,,,,,,,,,,,,,,,,,,,,,,,,,,,,,,,,,,,,,,,,,,82,stim_fam/082_rgray_250.png,,,,,,,,,,,,,,,,,,,,,,,,,,,,,,,,,,,,,1.920623506,752.781,754.7078,,,,,,,,FALSE,,FALSE,,,,,,,,,,,,754.7084,755.5469,p,29,32,1,1,250,novel,,,FALSE,755.5472,755.5472,755.5473,755.5474,,28,0,28,0,1,0.7324,,,
,,,,,6972064f05789ba107fe0f9f,2026-01-22_11h14.37.321,WP1_3,2025.2.3,Win32,61.34969325,669177c66d14fd83c2a18125,695fcc08e6593b9a696132f7,,,,,,,,,,,,,,,,,,,,,,,,,,,,,,,,,,,,,,,,,,,,,,,,,,,,,,,,,,,,46,Celebrities_Faces/046_02_greyscale_250.png,,,,,,,,,,,,,,,,,,,,,,,,,,,,,,,,,,,,,1.922845867,755.5477,757.4637,,,,,,,,TRUE,,FALSE,,,,,,,,,,,,757.4654,758.2927,p,30,16,1,1,2,familiar,,,FALSE,758.2929,758.293,758.293,758.2934,,29,0,29,0,1,0.7261,,,
,,,,,6972064f05789ba107fe0f9f,2026-01-22_11h14.37.321,WP1_3,2025.2.3,Win32,61.34969325,669177c66d14fd83c2a18125,695fcc08e6593b9a696132f7,,,,,,,,,,,,,,,,,,,,,,,,,,,,,,,,,,,,,,,,,,,,,,,,,,,,,,,,,,,,38,stim_fam/038_rgray_250.png,,,,,,,,,,,,,,,,,,,,,,,,,,,,,,,,,,,,,1.686335344,758.2937,759.98,,,,,,,,FALSE,,FALSE,,,,,,,,,,,,759.9807,760.7704,p,31,50,1,1,250,novel,,,FALSE,760.7706,760.7706,760.7706,760.7707,,30,0,30,0,1,0.6953,,,
,,,,,6972064f05789ba107fe0f9f,2026-01-22_11h14.37.321,WP1_3,2025.2.3,Win32,61.34969325,669177c66d14fd83c2a18125,695fcc08e6593b9a696132f7,,,,,,,,,,,,,,,,,,,,,,,,,,,,,,,,,,,,,,,,,,,,,,,,,,,,,,,,,,,,93,stim_fam/093_rgray_250.png,,,,,,,,,,,,,,,,,,,,,,,,,,,,,,,,,,,,,2.35812087,760.7712,763.1235,,,,,,,,FALSE,,TRUE,,,,,,,,,,,,763.1244,764.2336,,32,53,1,1,250,novel,,,FALSE,764.2343,765.2306,765.2306,765.2307,,31,0,31,0,1,,,,
,,,,,6972064f05789ba107fe0f9f,2026-01-22_11h14.37.321,WP1_3,2025.2.3,Win32,61.34969325,669177c66d14fd83c2a18125,695fcc08e6593b9a696132f7,,,,,,,,,,,,,,,,,,,,,,,,,,,,,,,,,,,,,,,,,,,,,,,,,,,,,,,,,,,,51,Celebrities_Faces/051_01_greyscale_250.png,,,,,,,,,,,,,,,,,,,,,,,,,,,,,,,,,,,,,2.208917648,765.2312,767.4297,,,,,,,,TRUE,,FALSE,,,,,,,,,,,,767.4311,768.2134,p,33,12,1,1,1,familiar,,,FALSE,768.2136,768.2137,768.2137,768.2137,,32,0,32,0,1,0.7087,,,
,,,,,6972064f05789ba107fe0f9f,2026-01-22_11h14.37.321,WP1_3,2025.2.3,Win32,61.34969325,669177c66d14fd83c2a18125,695fcc08e6593b9a696132f7,,,,,,,,,,,,,,,,,,,,,,,,,,,,,,,,,,,,,,,,,,,,,,,,,,,,,,,,,,,,48,Celebrities_Faces/048_02_greyscale_250.png,,,,,,,,,,,,,,,,,,,,,,,,,,,,,,,,,,,,,1.5204585,768.2141,769.7301,,,,,,,,TRUE,,FALSE,,,,,,,,,,,,769.7312,770.6312,p,34,27,1,1,2,familiar,,,FALSE,770.6314,770.6314,770.6314,770.6316,,33,0,33,0,1,0.799,,,
,,,,,6972064f05789ba107fe0f9f,2026-01-22_11h14.37.321,WP1_3,2025.2.3,Win32,61.34969325,669177c66d14fd83c2a18125,695fcc08e6593b9a696132f7,,,,,,,,,,,,,,,,,,,,,,,,,,,,,,,,,,,,,,,,,,,,,,,,,,,,,,,,,,,,40,Celebrities_Faces/040_01_greyscale_250.png,,,,,,,,,,,,,,,,,,,,,,,,,,,,,,,,,,,,,1.953343684,770.6318,772.5817,,,,,,,,TRUE,,FALSE,,,,,,,,,,,,772.583,773.6804,p,35,29,1,1,1,familiar,,,FALSE,773.6807,773.6808,773.6808,773.6811,,34,0,34,0,1,1.003,,,
,,,,,6972064f05789ba107fe0f9f,2026-01-22_11h14.37.321,WP1_3,2025.2.3,Win32,61.34969325,669177c66d14fd83c2a18125,695fcc08e6593b9a696132f7,,,,,,,,,,,,,,,,,,,,,,,,,,,,,,,,,,,,,,,,,,,,,,,,,,,,,,,,,,,,44,Celebrities_Faces/044_03_greyscale_250.png,,,,,,,,,,,,,,,,,,,,,,,,,,,,,,,,,,,,,1.685039803,773.6816,775.3638,,,,,,,,TRUE,,FALSE,,,,,,,,,,,,775.3656,776.3806,q,36,28,1,1,3,familiar,,,FALSE,776.3809,776.381,776.381,776.3812,,35,0,35,0,1,0.9167,,,
,,,,,6972064f05789ba107fe0f9f,2026-01-22_11h14.37.321,WP1_3,2025.2.3,Win32,61.34969325,669177c66d14fd83c2a18125,695fcc08e6593b9a696132f7,,,,,,,,,,,,,,,,,,,,,,,,,,,,,,,,,,,,,,,,,,,,,,,,,,,,,,,,,,,,14,stim_fam/014_rgray_250.png,,,,,,,,,,,,,,,,,,,,,,,,,,,,,,,,,,,,,1.523890062,776.3819,777.8971,,,,,,,,FALSE,,FALSE,,,,,,,,,,,,777.8984,778.9469,p,37,40,1,1,250,novel,,,FALSE,778.9472,778.9473,778.9473,778.9474,,36,0,36,0,1,0.9543,,,
,,,,,6972064f05789ba107fe0f9f,2026-01-22_11h14.37.321,WP1_3,2025.2.3,Win32,61.34969325,669177c66d14fd83c2a18125,695fcc08e6593b9a696132f7,,,,,,,,,,,,,,,,,,,,,,,,,,,,,,,,,,,,,,,,,,,,,,,,,,,,,,,,,,,,58,stim_fam/058_rgray_250.png,,,,,,,,,,,,,,,,,,,,,,,,,,,,,,,,,,,,,2.151258297,778.9481,781.0978,,,,,,,,FALSE,,FALSE,,,,,,,,,,,,781.0991,782.1472,p,38,44,1,1,250,novel,,,FALSE,782.1475,782.1476,782.1476,782.1478,,37,0,37,0,1,0.9646,,,
,,,,,6972064f05789ba107fe0f9f,2026-01-22_11h14.37.321,WP1_3,2025.2.3,Win32,61.34969325,669177c66d14fd83c2a18125,695fcc08e6593b9a696132f7,,,,,,,,,,,,,,,,,,,,,,,,,,,,,,,,,,,,,,,,,,,,,,,,,,,,,,,,,,,,25,stim_fam/025_rgray_250.png,,,,,,,,,,,,,,,,,,,,,,,,,,,,,,,,,,,,,1.663108413,782.1483,783.8132,,,,,,,,FALSE,,FALSE,,,,,,,,,,,,783.8151,784.6748,p,39,58,1,1,250,novel,,,FALSE,784.675,784.675,784.675,784.6751,,38,0,38,0,1,0.7734,,,
,,,,,6972064f05789ba107fe0f9f,2026-01-22_11h14.37.321,WP1_3,2025.2.3,Win32,61.34969325,669177c66d14fd83c2a18125,695fcc08e6593b9a696132f7,,,,,,,,,,,,,,,,,,,,,,,,,,,,,,,,,,,,,,,,,,,,,,,,,,,,,,,,,,,,45,stim_fam/045_rgray_250.png,,,,,,,,,,,,,,,,,,,,,,,,,,,,,,,,,,,,,1.557855309,784.6754,786.2303,,,,,,,,FALSE,,FALSE,,,,,,,,,,,,786.2311,787.0467,p,40,33,1,1,250,novel,,,FALSE,787.047,787.0471,787.0472,787.0473,,39,0,39,0,1,0.7266,,,
,,,,,6972064f05789ba107fe0f9f,2026-01-22_11h14.37.321,WP1_3,2025.2.3,Win32,61.34969325,669177c66d14fd83c2a18125,695fcc08e6593b9a696132f7,,,,,,,,,,,,,,,,,,,,,,,,,,,,,,,,,,,,,,,,,,,,,,,,,,,,,,,,,,,,78,stim_fam/078_rgray_250.png,,,,,,,,,,,,,,,,,,,,,,,,,,,,,,,,,,,,,2.290142289,787.0479,789.3303,,,,,,,,FALSE,,FALSE,,,,,,,,,,,,789.3317,790.2966,p,41,38,1,1,250,novel,,,FALSE,790.2968,790.2969,790.297,790.297,,40,0,40,0,1,0.8681,,,
,,,,,6972064f05789ba107fe0f9f,2026-01-22_11h14.37.321,WP1_3,2025.2.3,Win32,61.34969325,669177c66d14fd83c2a18125,695fcc08e6593b9a696132f7,,,,,,,,,,,,,,,,,,,,,,,,,,,,,,,,,,,,,,,,,,,,,,,,,,,,,,,,,,,,17,Celebrities_Faces/017_02_greyscale_250.png,,,,,,,,,,,,,,,,,,,,,,,,,,,,,,,,,,,,,1.668953173,790.2976,791.9573,,,,,,,,TRUE,,FALSE,,,,,,,,,,,,791.9588,792.8637,p,42,18,1,1,2,familiar,,,FALSE,792.864,792.8644,792.8644,792.8645,,41,0,41,0,1,0.8185,,,
,,,,,6972064f05789ba107fe0f9f,2026-01-22_11h14.37.321,WP1_3,2025.2.3,Win32,61.34969325,669177c66d14fd83c2a18125,695fcc08e6593b9a696132f7,,,,,,,,,,,,,,,,,,,,,,,,,,,,,,,,,,,,,,,,,,,,,,,,,,,,,,,,,,,,33,Celebrities_Faces/033_03_greyscale_250.png,,,,,,,,,,,,,,,,,,,,,,,,,,,,,,,,,,,,,2.110268174,792.8649,794.9635,,,,,,,,TRUE,,FALSE,,,,,,,,,,,,794.9649,796.0637,p,43,11,1,1,3,familiar,,,FALSE,796.0641,796.0642,796.0643,796.0644,,42,0,42,0,1,1.0083,,,
,,,,,6972064f05789ba107fe0f9f,2026-01-22_11h14.37.321,WP1_3,2025.2.3,Win32,61.34969325,669177c66d14fd83c2a18125,695fcc08e6593b9a696132f7,,,,,,,,,,,,,,,,,,,,,,,,,,,,,,,,,,,,,,,,,,,,,,,,,,,,,,,,,,,,92,stim_fam/092_rgray_250.png,,,,,,,,,,,,,,,,,,,,,,,,,,,,,,,,,,,,,1.616408308,796.0648,797.6799,,,,,,,,FALSE,,FALSE,,,,,,,,,,,,797.681,798.68,p,44,39,1,1,250,novel,,,FALSE,798.6802,798.6803,798.6803,798.6804,,43,0,43,0,1,0.907,,,
,,,,,6972064f05789ba107fe0f9f,2026-01-22_11h14.37.321,WP1_3,2025.2.3,Win32,61.34969325,669177c66d14fd83c2a18125,695fcc08e6593b9a696132f7,,,,,,,,,,,,,,,,,,,,,,,,,,,,,,,,,,,,,,,,,,,,,,,,,,,,,,,,,,,,64,stim_fam/064_rgray_250.png,,,,,,,,,,,,,,,,,,,,,,,,,,,,,,,,,,,,,1.990248321,798.6806,800.6638,,,,,,,,FALSE,,FALSE,,,,,,,,,,,,800.6647,801.4526,p,45,34,1,1,250,novel,,,FALSE,801.4528,801.4528,801.4528,801.4529,,44,0,44,0,1,0.695,,,
,,,,,6972064f05789ba107fe0f9f,2026-01-22_11h14.37.321,WP1_3,2025.2.3,Win32,61.34969325,669177c66d14fd83c2a18125,695fcc08e6593b9a696132f7,,,,,,,,,,,,,,,,,,,,,,,,,,,,,,,,,,,,,,,,,,,,,,,,,,,,,,,,,,,,86,stim_fam/086_rgray_250.png,,,,,,,,,,,,,,,,,,,,,,,,,,,,,,,,,,,,,2.040302266,801.4535,803.4968,,,,,,,,FALSE,,FALSE,,,,,,,,,,,,803.4977,804.4966,p,46,36,1,1,250,novel,,,FALSE,804.4969,804.497,804.497,804.4971,,45,0,45,0,1,0.9083,,,
,,,,,6972064f05789ba107fe0f9f,2026-01-22_11h14.37.321,WP1_3,2025.2.3,Win32,61.34969325,669177c66d14fd83c2a18125,695fcc08e6593b9a696132f7,,,,,,,,,,,,,,,,,,,,,,,,,,,,,,,,,,,,,,,,,,,,,,,,,,,,,,,,,,,,54,stim_fam/054_rgray_250.png,,,,,,,,,,,,,,,,,,,,,,,,,,,,,,,,,,,,,2.370402594,804.4975,806.8574,,,,,,,,FALSE,,FALSE,,,,,,,,,,,,806.8586,807.8972,p,47,56,1,1,250,novel,,,FALSE,807.8976,807.8978,807.8978,807.898,,46,0,46,0,1,0.9534,,,
,,,,,6972064f05789ba107fe0f9f,2026-01-22_11h14.37.321,WP1_3,2025.2.3,Win32,61.34969325,669177c66d14fd83c2a18125,695fcc08e6593b9a696132f7,,,,,,,,,,,,,,,,,,,,,,,,,,,,,,,,,,,,,,,,,,,,,,,,,,,,,,,,,,,,45,Celebrities_Faces/045_03_greyscale_250.png,,,,,,,,,,,,,,,,,,,,,,,,,,,,,,,,,,,,,2.096315121,807.8987,809.9857,,,,,,,,TRUE,,FALSE,,,,,,,,,,,,809.9866,810.9304,p,48,5,1,1,3,familiar,,,FALSE,810.9306,810.9308,810.9308,810.9308,,47,0,47,0,1,0.8546,,,
,,,,,6972064f05789ba107fe0f9f,2026-01-22_11h14.37.321,WP1_3,2025.2.3,Win32,61.34969325,669177c66d14fd83c2a18125,695fcc08e6593b9a696132f7,,,,,,,,,,,,,,,,,,,,,,,,,,,,,,,,,,,,,,,,,,,,,,,,,,,,,,,,,,,,61,stim_fam/061_rgray_250.png,,,,,,,,,,,,,,,,,,,,,,,,,,,,,,,,,,,,,1.86929847,810.9311,812.7967,,,,,,,,FALSE,,TRUE,,,,,,,,,,,,812.7974,813.9132,p,49,54,1,1,250,novel,,,FALSE,813.9135,814.9131,814.9131,814.9133,,48,0,48,0,1,1.0236,,,
,,,,,6972064f05789ba107fe0f9f,2026-01-22_11h14.37.321,WP1_3,2025.2.3,Win32,61.34969325,669177c66d14fd83c2a18125,695fcc08e6593b9a696132f7,,,,,,,,,,,,,,,,,,,,,,,,,,,,,,,,,,,,,,,,,,,,,,,,,,,,,,,,,,,,30,Celebrities_Faces/030_02_greyscale_250.png,,,,,,,,,,,,,,,,,,,,,,,,,,,,,,,,,,,,,2.212225847,814.9136,817.1301,,,,,,,,TRUE,,FALSE,,,,,,,,,,,,817.1309,817.8917,q,50,9,1,1,2,familiar,,,FALSE,817.8919,817.892,817.892,817.892,,49,0,49,0,1,0.6621,,,
,,,,,6972064f05789ba107fe0f9f,2026-01-22_11h14.37.321,WP1_3,2025.2.3,Win32,61.34969325,669177c66d14fd83c2a18125,695fcc08e6593b9a696132f7,,,,,,,,,,,,,,,,,,,,,,,,,,,,,,,,,,,,,,,,,,,,,,,,,,,,,,,,,,,,52,Celebrities_Faces/052_01_greyscale_250.png,,,,,,,,,,,,,,,,,,,,,,,,,,,,,,,,,,,,,1.936446253,817.8924,819.8251,,,,,,,,TRUE,,FALSE,,,,,,,,,,,,819.8266,820.6802,p,51,7,1,1,1,familiar,,,FALSE,820.6808,820.6809,820.6809,820.6811,,50,0,50,0,1,0.7577,,,
,,,,,6972064f05789ba107fe0f9f,2026-01-22_11h14.37.321,WP1_3,2025.2.3,Win32,61.34969325,669177c66d14fd83c2a18125,695fcc08e6593b9a696132f7,,,,,,,,,,,,,,,,,,,,,,,,,,,,,,,,,,,,,,,,,,,,,,,,,,,,,,,,,,,,4,Celebrities_Faces/004_03_greyscale_250.png,,,,,,,,,,,,,,,,,,,,,,,,,,,,,,,,,,,,,2.466057799,820.6816,823.1412,,,,,,,,TRUE,,FALSE,,,,,,,,,,,,823.1417,823.916,p,52,24,1,1,3,familiar,,,FALSE,823.9163,823.9164,823.9164,823.9165,,51,0,51,0,1,0.6824,,,
,,,,,6972064f05789ba107fe0f9f,2026-01-22_11h14.37.321,WP1_3,2025.2.3,Win32,61.34969325,669177c66d14fd83c2a18125,695fcc08e6593b9a696132f7,,,,,,,,,,,,,,,,,,,,,,,,,,,,,,,,,,,,,,,,,,,,,,,,,,,,,,,,,,,,34,Celebrities_Faces/034_03_greyscale_250.png,,,,,,,,,,,,,,,,,,,,,,,,,,,,,,,,,,,,,2.437004741,823.917,826.347,,,,,,,,TRUE,,FALSE,,,,,,,,,,,,826.3477,827.23,q,53,15,1,1,3,familiar,,,FALSE,827.2302,827.2303,827.2303,827.2304,,52,0,52,0,1,0.7858,,,
,,,,,6972064f05789ba107fe0f9f,2026-01-22_11h14.37.321,WP1_3,2025.2.3,Win32,61.34969325,669177c66d14fd83c2a18125,695fcc08e6593b9a696132f7,,,,,,,,,,,,,,,,,,,,,,,,,,,,,,,,,,,,,,,,,,,,,,,,,,,,,,,,,,,,28,Celebrities_Faces/028_01_greyscale_250.png,,,,,,,,,,,,,,,,,,,,,,,,,,,,,,,,,,,,,2.100896061,827.2309,829.3297,,,,,,,,TRUE,,FALSE,,,,,,,,,,,,829.3309,830.1469,p,54,25,1,1,1,familiar,,,FALSE,830.1473,830.1474,830.1475,830.1476,,53,0,53,0,1,0.7333,,,
,,,,,6972064f05789ba107fe0f9f,2026-01-22_11h14.37.321,WP1_3,2025.2.3,Win32,61.34969325,669177c66d14fd83c2a18125,695fcc08e6593b9a696132f7,,,,,,,,,,,,,,,,,,,,,,,,,,,,,,,,,,,,,,,,,,,,,,,,,,,,,,,,,,,,54,Celebrities_Faces/054_01_greyscale_250.png,,,,,,,,,,,,,,,,,,,,,,,,,,,,,,,,,,,,,2.338950709,830.1484,832.4804,,,,,,,,TRUE,,FALSE,,,,,,,,,,,,832.482,833.3465,p,55,1,1,1,1,familiar,,,FALSE,833.3468,833.3469,833.3469,833.347,,54,0,54,0,1,0.7609,,,
,,,,,6972064f05789ba107fe0f9f,2026-01-22_11h14.37.321,WP1_3,2025.2.3,Win32,61.34969325,669177c66d14fd83c2a18125,695fcc08e6593b9a696132f7,,,,,,,,,,,,,,,,,,,,,,,,,,,,,,,,,,,,,,,,,,,,,,,,,,,,,,,,,,,,33,stim_fam/033_rgray_250.png,,,,,,,,,,,,,,,,,,,,,,,,,,,,,,,,,,,,,2.273586456,833.3476,835.6134,,,,,,,,FALSE,,FALSE,,,,,,,,,,,,835.6147,836.4068,p,56,47,1,1,250,novel,,,FALSE,836.407,836.4072,836.4072,836.4072,,55,0,55,0,1,0.7008,,,
,,,,,6972064f05789ba107fe0f9f,2026-01-22_11h14.37.321,WP1_3,2025.2.3,Win32,61.34969325,669177c66d14fd83c2a18125,695fcc08e6593b9a696132f7,,,,,,,,,,,,,,,,,,,,,,,,,,,,,,,,,,,,,,,,,,,,,,,,,,,,,,,,,,,,27,Celebrities_Faces/027_02_greyscale_250.png,,,,,,,,,,,,,,,,,,,,,,,,,,,,,,,,,,,,,1.610425836,836.4076,838.0143,,,,,,,,TRUE,,FALSE,,,,,,,,,,,,838.0154,838.8302,p,57,10,1,1,2,familiar,,,FALSE,838.8308,838.8309,838.8309,838.8309,,56,0,56,0,1,0.7246,,,
,,,,,6972064f05789ba107fe0f9f,2026-01-22_11h14.37.321,WP1_3,2025.2.3,Win32,61.34969325,669177c66d14fd83c2a18125,695fcc08e6593b9a696132f7,,,,,,,,,,,,,,,,,,,,,,,,,,,,,,,,,,,,,,,,,,,,,,,,,,,,,,,,,,,,8,Celebrities_Faces/008_03_greyscale_250.png,,,,,,,,,,,,,,,,,,,,,,,,,,,,,,,,,,,,,1.528057321,838.8314,840.3631,,,,,,,,TRUE,,FALSE,,,,,,,,,,,,840.3648,841.2466,q,58,23,1,1,3,familiar,,,FALSE,841.2468,841.2469,841.2469,841.247,,57,0,57,0,1,0.7973,,,
,,,,,6972064f05789ba107fe0f9f,2026-01-22_11h14.37.321,WP1_3,2025.2.3,Win32,61.34969325,669177c66d14fd83c2a18125,695fcc08e6593b9a696132f7,,,,,,,,,,,,,,,,,,,,,,,,,,,,,,,,,,,,,,,,,,,,,,,,,,,,,,,,,,,,30,stim_fam/030_rgray_250.png,,,,,,,,,,,,,,,,,,,,,,,,,,,,,,,,,,,,,1.55994905,841.2477,842.7961,,,,,,,,FALSE,,FALSE,,,,,,,,,,,,842.7972,843.5135,p,59,42,1,1,250,novel,,,FALSE,843.5138,843.5139,843.514,843.514,,58,0,58,0,1,0.6295,,,
,,,,,6972064f05789ba107fe0f9f,2026-01-22_11h14.37.321,WP1_3,2025.2.3,Win32,61.34969325,669177c66d14fd83c2a18125,695fcc08e6593b9a696132f7,,,,,,,,,,,,,,,,,,,,,,,,,,,,,,,,,,,,,,,,,,,,,,,,,,,,,,,,,,,,63,stim_fam/063_rgray_250.png,,,,,,,,,,,,,,,,,,,,,,,,,,,,,,,,,,,,,1.904546075,843.5143,845.4133,,,,,,,,FALSE,,TRUE,,,,,,,,,,,,845.4141,846.5301,p,60,35,1,1,250,novel,,,FALSE,846.5306,847.5293,847.5294,850.1298,space,59,0,59,0,1,0.9956,,2.5672,
,,,,,6972064f05789ba107fe0f9f,2026-01-22_11h14.37.321,WP1_3,2025.2.3,Win32,61.34969325,669177c66d14fd83c2a18125,695fcc08e6593b9a696132f7,,,,,,,,,,,,,,,,,,,,,,,,,,,,,,,,,,,,,,,,,,,,,,,,,,,,,,,,,,,,28,Celebrities_Faces/028_02_greyscale_250.png,,,,,,,,,,,,,,,,,,,,,,,,,,,,,,,,,,,,,2.030595414,850.1308,852.1632,,,,,,,,TRUE,,FALSE,,,,,,,,,,,,852.1641,853.0332,p,61,85,2,1,2,familiar,,,FALSE,853.0335,853.0335,853.0336,853.0337,,60,0,60,0,1,0.7757,,,
,,,,,6972064f05789ba107fe0f9f,2026-01-22_11h14.37.321,WP1_3,2025.2.3,Win32,61.34969325,669177c66d14fd83c2a18125,695fcc08e6593b9a696132f7,,,,,,,,,,,,,,,,,,,,,,,,,,,,,,,,,,,,,,,,,,,,,,,,,,,,,,,,,,,,85,stim_fam/085_rgray_250.png,,,,,,,,,,,,,,,,,,,,,,,,,,,,,,,,,,,,,2.248599335,853.0341,855.2804,,,,,,,,FALSE,,FALSE,,,,,,,,,,,,855.2822,856.158,p,62,114,2,1,250,novel,,,FALSE,856.1583,856.1583,856.1583,856.1584,,61,0,61,0,1,0.7923,,,
,,,,,6972064f05789ba107fe0f9f,2026-01-22_11h14.37.321,WP1_3,2025.2.3,Win32,61.34969325,669177c66d14fd83c2a18125,695fcc08e6593b9a696132f7,,,,,,,,,,,,,,,,,,,,,,,,,,,,,,,,,,,,,,,,,,,,,,,,,,,,,,,,,,,,4,Celebrities_Faces/004_02_greyscale_250.png,,,,,,,,,,,,,,,,,,,,,,,,,,,,,,,,,,,,,1.927483121,856.1588,858.0801,,,,,,,,TRUE,,FALSE,,,,,,,,,,,,858.0816,859.1294,q,63,84,2,1,2,familiar,,,FALSE,859.1296,859.1296,859.1296,859.1297,,62,0,62,0,1,0.9497,,,
,,,,,6972064f05789ba107fe0f9f,2026-01-22_11h14.37.321,WP1_3,2025.2.3,Win32,61.34969325,669177c66d14fd83c2a18125,695fcc08e6593b9a696132f7,,,,,,,,,,,,,,,,,,,,,,,,,,,,,,,,,,,,,,,,,,,,,,,,,,,,,,,,,,,,10,Celebrities_Faces/010_03_greyscale_250.png,,,,,,,,,,,,,,,,,,,,,,,,,,,,,,,,,,,,,2.206971097,859.1302,861.33,,,,,,,,TRUE,,FALSE,,,,,,,,,,,,861.3313,862.3637,p,64,77,2,1,3,familiar,,,FALSE,862.3642,862.3647,862.3647,862.3649,,63,0,63,0,1,0.9334,,,
,,,,,6972064f05789ba107fe0f9f,2026-01-22_11h14.37.321,WP1_3,2025.2.3,Win32,61.34969325,669177c66d14fd83c2a18125,695fcc08e6593b9a696132f7,,,,,,,,,,,,,,,,,,,,,,,,,,,,,,,,,,,,,,,,,,,,,,,,,,,,,,,,,,,,41,stim_fam/041_rgray_250.png,,,,,,,,,,,,,,,,,,,,,,,,,,,,,,,,,,,,,1.604548068,862.3652,863.963,,,,,,,,FALSE,,FALSE,,,,,,,,,,,,863.964,864.7637,p,65,115,2,1,250,novel,,,FALSE,864.7639,864.7639,864.764,864.764,,64,0,64,0,1,0.6937,,,
,,,,,6972064f05789ba107fe0f9f,2026-01-22_11h14.37.321,WP1_3,2025.2.3,Win32,61.34969325,669177c66d14fd83c2a18125,695fcc08e6593b9a696132f7,,,,,,,,,,,,,,,,,,,,,,,,,,,,,,,,,,,,,,,,,,,,,,,,,,,,,,,,,,,,20,Celebrities_Faces/020_02_greyscale_250.png,,,,,,,,,,,,,,,,,,,,,,,,,,,,,,,,,,,,,1.745674678,864.7644,866.507,,,,,,,,TRUE,,FALSE,,,,,,,,,,,,866.509,867.3796,p,66,81,2,1,2,familiar,,,FALSE,867.3799,867.38,867.38,867.3802,,65,0,65,0,1,0.7718,,,
,,,,,6972064f05789ba107fe0f9f,2026-01-22_11h14.37.321,WP1_3,2025.2.3,Win32,61.34969325,669177c66d14fd83c2a18125,695fcc08e6593b9a696132f7,,,,,,,,,,,,,,,,,,,,,,,,,,,,,,,,,,,,,,,,,,,,,,,,,,,,,,,,,,,,97,stim_fam/097_rgray_250.png,,,,,,,,,,,,,,,,,,,,,,,,,,,,,,,,,,,,,2.212443777,867.3804,869.5917,,,,,,,,FALSE,,FALSE,,,,,,,,,,,,869.594,870.5798,p,67,93,2,1,250,novel,,,FALSE,870.5802,870.5803,870.5803,870.5804,,66,0,66,0,1,0.8937,,,
,,,,,6972064f05789ba107fe0f9f,2026-01-22_11h14.37.321,WP1_3,2025.2.3,Win32,61.34969325,669177c66d14fd83c2a18125,695fcc08e6593b9a696132f7,,,,,,,,,,,,,,,,,,,,,,,,,,,,,,,,,,,,,,,,,,,,,,,,,,,,,,,,,,,,39,stim_fam/039_rgray_250.png,,,,,,,,,,,,,,,,,,,,,,,,,,,,,,,,,,,,,2.292126329,870.5807,872.863,,,,,,,,FALSE,,FALSE,,,,,,,,,,,,872.8643,873.73,p,68,100,2,1,250,novel,,,FALSE,873.7303,873.7304,873.7305,873.7306,,67,0,67,0,1,0.7678,,,
,,,,,6972064f05789ba107fe0f9f,2026-01-22_11h14.37.321,WP1_3,2025.2.3,Win32,61.34969325,669177c66d14fd83c2a18125,695fcc08e6593b9a696132f7,,,,,,,,,,,,,,,,,,,,,,,,,,,,,,,,,,,,,,,,,,,,,,,,,,,,,,,,,,,,48,Celebrities_Faces/048_03_greyscale_250.png,,,,,,,,,,,,,,,,,,,,,,,,,,,,,,,,,,,,,1.999177815,873.7311,875.7299,,,,,,,,TRUE,,TRUE,,,,,,,,,,,,875.7306,876.8469,,69,87,2,1,3,familiar,,,FALSE,876.8473,877.8468,877.8469,877.8469,,68,0,68,0,1,,,,
,,,,,6972064f05789ba107fe0f9f,2026-01-22_11h14.37.321,WP1_3,2025.2.3,Win32,61.34969325,669177c66d14fd83c2a18125,695fcc08e6593b9a696132f7,,,,,,,,,,,,,,,,,,,,,,,,,,,,,,,,,,,,,,,,,,,,,,,,,,,,,,,,,,,,16,stim_fam/016_rgray_250.png,,,,,,,,,,,,,,,,,,,,,,,,,,,,,,,,,,,,,1.817152487,877.8473,879.663,,,,,,,,FALSE,,FALSE,,,,,,,,,,,,879.6637,880.4131,p,70,116,2,1,250,novel,,,FALSE,880.4135,880.4136,880.4137,880.4138,,69,0,69,0,1,0.6599,,,
,,,,,6972064f05789ba107fe0f9f,2026-01-22_11h14.37.321,WP1_3,2025.2.3,Win32,61.34969325,669177c66d14fd83c2a18125,695fcc08e6593b9a696132f7,,,,,,,,,,,,,,,,,,,,,,,,,,,,,,,,,,,,,,,,,,,,,,,,,,,,,,,,,,,,73,stim_fam/073_rgray_250.png,,,,,,,,,,,,,,,,,,,,,,,,,,,,,,,,,,,,,2.471552829,880.4143,882.8756,,,,,,,,FALSE,,FALSE,,,,,,,,,,,,882.8765,883.6739,p,71,111,2,1,250,novel,,,FALSE,883.6741,883.6742,883.6743,883.6744,,70,0,70,0,1,0.7085,,,
,,,,,6972064f05789ba107fe0f9f,2026-01-22_11h14.37.321,WP1_3,2025.2.3,Win32,61.34969325,669177c66d14fd83c2a18125,695fcc08e6593b9a696132f7,,,,,,,,,,,,,,,,,,,,,,,,,,,,,,,,,,,,,,,,,,,,,,,,,,,,,,,,,,,,88,stim_fam/088_rgray_250.png,,,,,,,,,,,,,,,,,,,,,,,,,,,,,,,,,,,,,1.857820981,883.675,885.5298,,,,,,,,FALSE,,FALSE,,,,,,,,,,,,885.5309,886.2304,p,72,104,2,1,250,novel,,,FALSE,886.2308,886.2311,886.2312,886.2313,,71,0,71,0,1,0.6071,,,
,,,,,6972064f05789ba107fe0f9f,2026-01-22_11h14.37.321,WP1_3,2025.2.3,Win32,61.34969325,669177c66d14fd83c2a18125,695fcc08e6593b9a696132f7,,,,,,,,,,,,,,,,,,,,,,,,,,,,,,,,,,,,,,,,,,,,,,,,,,,,,,,,,,,,52,Celebrities_Faces/052_02_greyscale_250.png,,,,,,,,,,,,,,,,,,,,,,,,,,,,,,,,,,,,,1.591203058,886.2319,887.8135,,,,,,,,TRUE,,FALSE,,,,,,,,,,,,887.8148,888.6634,p,73,67,2,1,2,familiar,,,FALSE,888.6637,888.6638,888.6638,888.6639,,72,0,72,0,1,0.7628,,,
,,,,,6972064f05789ba107fe0f9f,2026-01-22_11h14.37.321,WP1_3,2025.2.3,Win32,61.34969325,669177c66d14fd83c2a18125,695fcc08e6593b9a696132f7,,,,,,,,,,,,,,,,,,,,,,,,,,,,,,,,,,,,,,,,,,,,,,,,,,,,,,,,,,,,56,stim_fam/056_rgray_250.png,,,,,,,,,,,,,,,,,,,,,,,,,,,,,,,,,,,,,2.067931874,888.6642,890.7293,,,,,,,,FALSE,,FALSE,,,,,,,,,,,,890.7309,891.6299,p,74,95,2,1,250,novel,,,FALSE,891.6301,891.6302,891.6302,891.6302,,73,0,73,0,1,0.8088,,,
,,,,,6972064f05789ba107fe0f9f,2026-01-22_11h14.37.321,WP1_3,2025.2.3,Win32,61.34969325,669177c66d14fd83c2a18125,695fcc08e6593b9a696132f7,,,,,,,,,,,,,,,,,,,,,,,,,,,,,,,,,,,,,,,,,,,,,,,,,,,,,,,,,,,,23,stim_fam/023_rgray_250.png,,,,,,,,,,,,,,,,,,,,,,,,,,,,,,,,,,,,,1.897743927,891.6306,893.53,,,,,,,,FALSE,,FALSE,,,,,,,,,,,,893.5309,894.2627,p,75,96,2,1,250,novel,,,FALSE,894.263,894.263,894.263,894.2632,,74,0,74,0,1,0.6297,,,
,,,,,6972064f05789ba107fe0f9f,2026-01-22_11h14.37.321,WP1_3,2025.2.3,Win32,61.34969325,669177c66d14fd83c2a18125,695fcc08e6593b9a696132f7,,,,,,,,,,,,,,,,,,,,,,,,,,,,,,,,,,,,,,,,,,,,,,,,,,,,,,,,,,,,11,stim_fam/011_rgray_250.png,,,,,,,,,,,,,,,,,,,,,,,,,,,,,,,,,,,,,1.770109021,894.2637,896.0299,,,,,,,,FALSE,,FALSE,,,,,,,,,,,,896.0315,896.8093,p,76,92,2,1,250,novel,,,FALSE,896.8094,896.8095,896.8095,896.8096,,75,0,75,0,1,0.6776,,,
,,,,,6972064f05789ba107fe0f9f,2026-01-22_11h14.37.321,WP1_3,2025.2.3,Win32,61.34969325,669177c66d14fd83c2a18125,695fcc08e6593b9a696132f7,,,,,,,,,,,,,,,,,,,,,,,,,,,,,,,,,,,,,,,,,,,,,,,,,,,,,,,,,,,,30,Celebrities_Faces/030_03_greyscale_250.png,,,,,,,,,,,,,,,,,,,,,,,,,,,,,,,,,,,,,2.414760565,896.81,899.217,,,,,,,,TRUE,,FALSE,,,,,,,,,,,,899.2185,899.9964,p,77,69,2,1,3,familiar,,,FALSE,899.9969,899.997,899.9971,899.9972,,76,0,76,0,1,0.687,,,
,,,,,6972064f05789ba107fe0f9f,2026-01-22_11h14.37.321,WP1_3,2025.2.3,Win32,61.34969325,669177c66d14fd83c2a18125,695fcc08e6593b9a696132f7,,,,,,,,,,,,,,,,,,,,,,,,,,,,,,,,,,,,,,,,,,,,,,,,,,,,,,,,,,,,89,stim_fam/089_rgray_250.png,,,,,,,,,,,,,,,,,,,,,,,,,,,,,,,,,,,,,2.441661759,899.9975,902.4304,,,,,,,,FALSE,,FALSE,,,,,,,,,,,,902.4311,903.3806,p,78,94,2,1,250,novel,,,FALSE,903.3809,903.3809,903.3809,903.3809,,77,0,77,0,1,0.8629,,,
,,,,,6972064f05789ba107fe0f9f,2026-01-22_11h14.37.321,WP1_3,2025.2.3,Win32,61.34969325,669177c66d14fd83c2a18125,695fcc08e6593b9a696132f7,,,,,,,,,,,,,,,,,,,,,,,,,,,,,,,,,,,,,,,,,,,,,,,,,,,,,,,,,,,,40,stim_fam/040_rgray_250.png,,,,,,,,,,,,,,,,,,,,,,,,,,,,,,,,,,,,,2.040066429,903.3813,905.4135,,,,,,,,FALSE,,FALSE,,,,,,,,,,,,905.4146,906.4294,p,79,97,2,1,250,novel,,,FALSE,906.4296,906.4297,906.4297,906.4297,,78,0,78,0,1,0.9282,,,
,,,,,6972064f05789ba107fe0f9f,2026-01-22_11h14.37.321,WP1_3,2025.2.3,Win32,61.34969325,669177c66d14fd83c2a18125,695fcc08e6593b9a696132f7,,,,,,,,,,,,,,,,,,,,,,,,,,,,,,,,,,,,,,,,,,,,,,,,,,,,,,,,,,,,34,Celebrities_Faces/034_02_greyscale_250.png,,,,,,,,,,,,,,,,,,,,,,,,,,,,,,,,,,,,,1.946738724,906.4301,908.3798,,,,,,,,TRUE,,FALSE,,,,,,,,,,,,908.3805,909.4756,p,80,75,2,1,2,familiar,,,FALSE,909.4758,909.4761,909.4762,909.4762,,79,0,79,0,1,1.0123,,,
,,,,,6972064f05789ba107fe0f9f,2026-01-22_11h14.37.321,WP1_3,2025.2.3,Win32,61.34969325,669177c66d14fd83c2a18125,695fcc08e6593b9a696132f7,,,,,,,,,,,,,,,,,,,,,,,,,,,,,,,,,,,,,,,,,,,,,,,,,,,,,,,,,,,,12,Celebrities_Faces/012_03_greyscale_250.png,,,,,,,,,,,,,,,,,,,,,,,,,,,,,,,,,,,,,1.991151753,909.477,911.4629,,,,,,,,TRUE,,TRUE,,,,,,,,,,,,911.4641,912.5804,,81,86,2,1,3,familiar,,,FALSE,912.5809,913.5798,913.58,913.5804,,80,0,80,0,1,,,,
,,,,,6972064f05789ba107fe0f9f,2026-01-22_11h14.37.321,WP1_3,2025.2.3,Win32,61.34969325,669177c66d14fd83c2a18125,695fcc08e6593b9a696132f7,,,,,,,,,,,,,,,,,,,,,,,,,,,,,,,,,,,,,,,,,,,,,,,,,,,,,,,,,,,,80,stim_fam/080_rgray_250.png,,,,,,,,,,,,,,,,,,,,,,,,,,,,,,,,,,,,,1.762142098,913.5808,915.3463,,,,,,,,FALSE,,FALSE,,,,,,,,,,,,915.3475,916.1633,p,82,109,2,1,250,novel,,,FALSE,916.1637,916.1638,916.1638,916.164,,81,0,81,0,1,0.7278,,,
,,,,,6972064f05789ba107fe0f9f,2026-01-22_11h14.37.321,WP1_3,2025.2.3,Win32,61.34969325,669177c66d14fd83c2a18125,695fcc08e6593b9a696132f7,,,,,,,,,,,,,,,,,,,,,,,,,,,,,,,,,,,,,,,,,,,,,,,,,,,,,,,,,,,,29,stim_fam/029_rgray_250.png,,,,,,,,,,,,,,,,,,,,,,,,,,,,,,,,,,,,,2.161326598,916.1644,918.3297,,,,,,,,FALSE,,FALSE,,,,,,,,,,,,918.3304,919.0298,p,83,119,2,1,250,novel,,,FALSE,919.03,919.0301,919.0301,919.0301,,82,0,82,0,1,0.6052,,,
,,,,,6972064f05789ba107fe0f9f,2026-01-22_11h14.37.321,WP1_3,2025.2.3,Win32,61.34969325,669177c66d14fd83c2a18125,695fcc08e6593b9a696132f7,,,,,,,,,,,,,,,,,,,,,,,,,,,,,,,,,,,,,,,,,,,,,,,,,,,,,,,,,,,,3,stim_fam/003_rgray_250.png,,,,,,,,,,,,,,,,,,,,,,,,,,,,,,,,,,,,,2.196564715,919.0306,921.218,,,,,,,,FALSE,,FALSE,,,,,,,,,,,,921.2192,922.23,p,84,108,2,1,250,novel,,,FALSE,922.2305,922.2308,922.2308,922.2308,,83,0,83,0,1,0.8995,,,
,,,,,6972064f05789ba107fe0f9f,2026-01-22_11h14.37.321,WP1_3,2025.2.3,Win32,61.34969325,669177c66d14fd83c2a18125,695fcc08e6593b9a696132f7,,,,,,,,,,,,,,,,,,,,,,,,,,,,,,,,,,,,,,,,,,,,,,,,,,,,,,,,,,,,33,Celebrities_Faces/033_02_greyscale_250.png,,,,,,,,,,,,,,,,,,,,,,,,,,,,,,,,,,,,,1.941975047,922.2313,924.1633,,,,,,,,TRUE,,FALSE,,,,,,,,,,,,924.1645,924.963,q,85,71,2,1,2,familiar,,,FALSE,924.9634,924.9636,924.9636,924.9638,,84,0,84,0,1,0.703,,,
,,,,,6972064f05789ba107fe0f9f,2026-01-22_11h14.37.321,WP1_3,2025.2.3,Win32,61.34969325,669177c66d14fd83c2a18125,695fcc08e6593b9a696132f7,,,,,,,,,,,,,,,,,,,,,,,,,,,,,,,,,,,,,,,,,,,,,,,,,,,,,,,,,,,,6,Celebrities_Faces/006_02_greyscale_250.png,,,,,,,,,,,,,,,,,,,,,,,,,,,,,,,,,,,,,1.803816743,924.9642,926.7632,,,,,,,,TRUE,,FALSE,,,,,,,,,,,,926.7645,927.7082,q,86,79,2,1,2,familiar,,,FALSE,927.7085,927.7085,927.7086,927.7086,,85,0,85,0,1,0.8605,,,
,,,,,6972064f05789ba107fe0f9f,2026-01-22_11h14.37.321,WP1_3,2025.2.3,Win32,61.34969325,669177c66d14fd83c2a18125,695fcc08e6593b9a696132f7,,,,,,,,,,,,,,,,,,,,,,,,,,,,,,,,,,,,,,,,,,,,,,,,,,,,,,,,,,,,12,stim_fam/012_rgray_250.png,,,,,,,,,,,,,,,,,,,,,,,,,,,,,,,,,,,,,1.954974208,927.709,929.6631,,,,,,,,FALSE,,FALSE,,,,,,,,,,,,929.6638,930.3797,p,87,103,2,1,250,novel,,,FALSE,930.3803,930.3804,930.3805,930.3806,,86,0,86,0,1,0.624,,,
,,,,,6972064f05789ba107fe0f9f,2026-01-22_11h14.37.321,WP1_3,2025.2.3,Win32,61.34969325,669177c66d14fd83c2a18125,695fcc08e6593b9a696132f7,,,,,,,,,,,,,,,,,,,,,,,,,,,,,,,,,,,,,,,,,,,,,,,,,,,,,,,,,,,,40,Celebrities_Faces/040_03_greyscale_250.png,,,,,,,,,,,,,,,,,,,,,,,,,,,,,,,,,,,,,2.191179816,930.3812,932.5621,,,,,,,,TRUE,,FALSE,,,,,,,,,,,,932.5631,933.3565,p,88,89,2,1,3,familiar,,,FALSE,933.357,933.3571,933.3571,933.3571,,87,0,87,0,1,0.7186,,,
,,,,,6972064f05789ba107fe0f9f,2026-01-22_11h14.37.321,WP1_3,2025.2.3,Win32,61.34969325,669177c66d14fd83c2a18125,695fcc08e6593b9a696132f7,,,,,,,,,,,,,,,,,,,,,,,,,,,,,,,,,,,,,,,,,,,,,,,,,,,,,,,,,,,,19,Celebrities_Faces/019_03_greyscale_250.png,,,,,,,,,,,,,,,,,,,,,,,,,,,,,,,,,,,,,1.89853342,933.3577,935.2459,,,,,,,,TRUE,,FALSE,,,,,,,,,,,,935.2475,936.3132,q,89,66,2,1,3,familiar,,,FALSE,936.3137,936.3137,936.3137,936.3138,,88,0,88,0,1,0.9825,,,
,,,,,6972064f05789ba107fe0f9f,2026-01-22_11h14.37.321,WP1_3,2025.2.3,Win32,61.34969325,669177c66d14fd83c2a18125,695fcc08e6593b9a696132f7,,,,,,,,,,,,,,,,,,,,,,,,,,,,,,,,,,,,,,,,,,,,,,,,,,,,,,,,,,,,23,Celebrities_Faces/023_02_greyscale_250.png,,,,,,,,,,,,,,,,,,,,,,,,,,,,,,,,,,,,,1.56866214,936.3143,937.8798,,,,,,,,TRUE,,FALSE,,,,,,,,,,,,937.8812,938.8465,p,90,82,2,1,2,familiar,,,FALSE,938.8467,938.8468,938.8468,938.8469,,89,0,89,0,1,0.8721,,,
,,,,,6972064f05789ba107fe0f9f,2026-01-22_11h14.37.321,WP1_3,2025.2.3,Win32,61.34969325,669177c66d14fd83c2a18125,695fcc08e6593b9a696132f7,,,,,,,,,,,,,,,,,,,,,,,,,,,,,,,,,,,,,,,,,,,,,,,,,,,,,,,,,,,,2,stim_fam/002_rgray_250.png,,,,,,,,,,,,,,,,,,,,,,,,,,,,,,,,,,,,,1.668963476,938.8472,940.5129,,,,,,,,FALSE,,FALSE,,,,,,,,,,,,940.5135,941.3303,p,91,91,2,1,250,novel,,,FALSE,941.3306,941.3306,941.3307,941.3308,,90,0,90,0,1,0.71,,,
,,,,,6972064f05789ba107fe0f9f,2026-01-22_11h14.37.321,WP1_3,2025.2.3,Win32,61.34969325,669177c66d14fd83c2a18125,695fcc08e6593b9a696132f7,,,,,,,,,,,,,,,,,,,,,,,,,,,,,,,,,,,,,,,,,,,,,,,,,,,,,,,,,,,,54,Celebrities_Faces/054_03_greyscale_250.png,,,,,,,,,,,,,,,,,,,,,,,,,,,,,,,,,,,,,1.505176572,941.3312,942.8295,,,,,,,,TRUE,,FALSE,,,,,,,,,,,,942.8308,943.6573,p,92,61,2,1,3,familiar,,,FALSE,943.6575,943.6576,943.6576,943.6577,,91,0,91,0,1,0.7387,,,
,,,,,6972064f05789ba107fe0f9f,2026-01-22_11h14.37.321,WP1_3,2025.2.3,Win32,61.34969325,669177c66d14fd83c2a18125,695fcc08e6593b9a696132f7,,,,,,,,,,,,,,,,,,,,,,,,,,,,,,,,,,,,,,,,,,,,,,,,,,,,,,,,,,,,8,Celebrities_Faces/008_01_greyscale_250.png,,,,,,,,,,,,,,,,,,,,,,,,,,,,,,,,,,,,,2.470883587,943.6581,946.1235,,,,,,,,TRUE,,FALSE,,,,,,,,,,,,946.1255,946.9123,q,93,83,2,1,1,familiar,,,FALSE,946.9124,946.9125,946.9125,946.9126,,92,0,92,0,1,0.6912,,,
,,,,,6972064f05789ba107fe0f9f,2026-01-22_11h14.37.321,WP1_3,2025.2.3,Win32,61.34969325,669177c66d14fd83c2a18125,695fcc08e6593b9a696132f7,,,,,,,,,,,,,,,,,,,,,,,,,,,,,,,,,,,,,,,,,,,,,,,,,,,,,,,,,,,,1,Celebrities_Faces/001_03_greyscale_250.png,,,,,,,,,,,,,,,,,,,,,,,,,,,,,,,,,,,,,1.935731481,946.9128,948.846,,,,,,,,TRUE,,FALSE,,,,,,,,,,,,948.8473,949.5959,q,94,80,2,1,3,familiar,,,FALSE,949.5961,949.5963,949.5963,949.5966,,93,0,93,0,1,0.6645,,,
,,,,,6972064f05789ba107fe0f9f,2026-01-22_11h14.37.321,WP1_3,2025.2.3,Win32,61.34969325,669177c66d14fd83c2a18125,695fcc08e6593b9a696132f7,,,,,,,,,,,,,,,,,,,,,,,,,,,,,,,,,,,,,,,,,,,,,,,,,,,,,,,,,,,,47,stim_fam/047_rgray_250.png,,,,,,,,,,,,,,,,,,,,,,,,,,,,,,,,,,,,,2.113914852,949.5972,951.7124,,,,,,,,FALSE,,FALSE,,,,,,,,,,,,951.7129,952.7626,p,95,102,2,1,250,novel,,,FALSE,952.7629,952.763,952.7631,952.7631,,94,0,94,0,1,0.9693,,,
,,,,,6972064f05789ba107fe0f9f,2026-01-22_11h14.37.321,WP1_3,2025.2.3,Win32,61.34969325,669177c66d14fd83c2a18125,695fcc08e6593b9a696132f7,,,,,,,,,,,,,,,,,,,,,,,,,,,,,,,,,,,,,,,,,,,,,,,,,,,,,,,,,,,,32,stim_fam/032_rgray_250.png,,,,,,,,,,,,,,,,,,,,,,,,,,,,,,,,,,,,,2.032321272,952.7635,954.7964,,,,,,,,FALSE,,FALSE,,,,,,,,,,,,954.7979,955.613,p,96,99,2,1,250,novel,,,FALSE,955.6132,955.6132,955.6133,955.6133,,95,0,95,0,1,0.6877,,,
,,,,,6972064f05789ba107fe0f9f,2026-01-22_11h14.37.321,WP1_3,2025.2.3,Win32,61.34969325,669177c66d14fd83c2a18125,695fcc08e6593b9a696132f7,,,,,,,,,,,,,,,,,,,,,,,,,,,,,,,,,,,,,,,,,,,,,,,,,,,,,,,,,,,,28,stim_fam/028_rgray_250.png,,,,,,,,,,,,,,,,,,,,,,,,,,,,,,,,,,,,,1.704779998,955.6137,957.3086,,,,,,,,FALSE,,FALSE,,,,,,,,,,,,957.3095,958.1297,p,97,118,2,1,250,novel,,,FALSE,958.1299,958.13,958.1301,958.1301,,96,0,96,0,1,0.7356,,,
,,,,,6972064f05789ba107fe0f9f,2026-01-22_11h14.37.321,WP1_3,2025.2.3,Win32,61.34969325,669177c66d14fd83c2a18125,695fcc08e6593b9a696132f7,,,,,,,,,,,,,,,,,,,,,,,,,,,,,,,,,,,,,,,,,,,,,,,,,,,,,,,,,,,,14,Celebrities_Faces/014_03_greyscale_250.png,,,,,,,,,,,,,,,,,,,,,,,,,,,,,,,,,,,,,1.599669421,958.1304,959.7389,,,,,,,,TRUE,,FALSE,,,,,,,,,,,,959.7404,960.5796,p,98,74,2,1,3,familiar,,,FALSE,960.5799,960.58,960.5801,960.5801,,97,0,97,0,1,0.7556,,,
,,,,,6972064f05789ba107fe0f9f,2026-01-22_11h14.37.321,WP1_3,2025.2.3,Win32,61.34969325,669177c66d14fd83c2a18125,695fcc08e6593b9a696132f7,,,,,,,,,,,,,,,,,,,,,,,,,,,,,,,,,,,,,,,,,,,,,,,,,,,,,,,,,,,,15,Celebrities_Faces/015_02_greyscale_250.png,,,,,,,,,,,,,,,,,,,,,,,,,,,,,,,,,,,,,2.084279672,960.5807,962.6631,,,,,,,,TRUE,,FALSE,,,,,,,,,,,,962.6644,963.7462,p,99,90,2,1,2,familiar,,,FALSE,963.7465,963.7467,963.7467,963.7468,,98,0,98,0,1,0.9825,,,
,,,,,6972064f05789ba107fe0f9f,2026-01-22_11h14.37.321,WP1_3,2025.2.3,Win32,61.34969325,669177c66d14fd83c2a18125,695fcc08e6593b9a696132f7,,,,,,,,,,,,,,,,,,,,,,,,,,,,,,,,,,,,,,,,,,,,,,,,,,,,,,,,,,,,46,Celebrities_Faces/046_03_greyscale_250.png,,,,,,,,,,,,,,,,,,,,,,,,,,,,,,,,,,,,,2.116948613,963.7474,965.8626,,,,,,,,TRUE,,FALSE,,,,,,,,,,,,965.8637,966.8628,p,100,76,2,1,3,familiar,,,FALSE,966.8631,966.8632,966.8632,966.8633,,99,0,99,0,1,0.9087,,,
,,,,,6972064f05789ba107fe0f9f,2026-01-22_11h14.37.321,WP1_3,2025.2.3,Win32,61.34969325,669177c66d14fd83c2a18125,695fcc08e6593b9a696132f7,,,,,,,,,,,,,,,,,,,,,,,,,,,,,,,,,,,,,,,,,,,,,,,,,,,,,,,,,,,,10,stim_fam/010_rgray_250.png,,,,,,,,,,,,,,,,,,,,,,,,,,,,,,,,,,,,,1.951237021,966.8636,968.8129,,,,,,,,FALSE,,FALSE,,,,,,,,,,,,968.8138,969.8998,p,101,113,2,1,250,novel,,,FALSE,969.9,969.9002,969.9002,969.9002,,100,0,100,0,1,0.9941,,,
,,,,,6972064f05789ba107fe0f9f,2026-01-22_11h14.37.321,WP1_3,2025.2.3,Win32,61.34969325,669177c66d14fd83c2a18125,695fcc08e6593b9a696132f7,,,,,,,,,,,,,,,,,,,,,,,,,,,,,,,,,,,,,,,,,,,,,,,,,,,,,,,,,,,,37,Celebrities_Faces/037_03_greyscale_250.png,,,,,,,,,,,,,,,,,,,,,,,,,,,,,,,,,,,,,2.316523939,969.9007,972.2133,,,,,,,,TRUE,,FALSE,,,,,,,,,,,,972.2141,973.1913,p,102,63,2,1,3,familiar,,,FALSE,973.1918,973.192,973.192,973.192,,101,0,101,0,1,0.8731,,,
,,,,,6972064f05789ba107fe0f9f,2026-01-22_11h14.37.321,WP1_3,2025.2.3,Win32,61.34969325,669177c66d14fd83c2a18125,695fcc08e6593b9a696132f7,,,,,,,,,,,,,,,,,,,,,,,,,,,,,,,,,,,,,,,,,,,,,,,,,,,,,,,,,,,,45,Celebrities_Faces/045_02_greyscale_250.png,,,,,,,,,,,,,,,,,,,,,,,,,,,,,,,,,,,,,1.670642201,973.1923,974.8629,,,,,,,,TRUE,,FALSE,,,,,,,,,,,,974.8643,975.9075,q,103,65,2,1,2,familiar,,,FALSE,975.9077,975.9077,975.9078,975.9078,,102,0,102,0,1,0.9378,,,
,,,,,6972064f05789ba107fe0f9f,2026-01-22_11h14.37.321,WP1_3,2025.2.3,Win32,61.34969325,669177c66d14fd83c2a18125,695fcc08e6593b9a696132f7,,,,,,,,,,,,,,,,,,,,,,,,,,,,,,,,,,,,,,,,,,,,,,,,,,,,,,,,,,,,60,stim_fam/060_rgray_250.png,,,,,,,,,,,,,,,,,,,,,,,,,,,,,,,,,,,,,1.77634236,975.9086,977.6795,,,,,,,,FALSE,,FALSE,,,,,,,,,,,,977.6807,978.6379,p,104,117,2,1,250,novel,,,FALSE,978.6381,978.6381,978.6382,978.6382,,103,0,103,0,1,0.857,,,
,,,,,6972064f05789ba107fe0f9f,2026-01-22_11h14.37.321,WP1_3,2025.2.3,Win32,61.34969325,669177c66d14fd83c2a18125,695fcc08e6593b9a696132f7,,,,,,,,,,,,,,,,,,,,,,,,,,,,,,,,,,,,,,,,,,,,,,,,,,,,,,,,,,,,27,Celebrities_Faces/027_01_greyscale_250.png,,,,,,,,,,,,,,,,,,,,,,,,,,,,,,,,,,,,,1.874677443,978.6387,980.5238,,,,,,,,TRUE,,FALSE,,,,,,,,,,,,980.5246,981.596,p,105,70,2,1,1,familiar,,,FALSE,981.5965,981.5966,981.5967,981.597,,104,0,104,0,1,0.9876,,,
,,,,,6972064f05789ba107fe0f9f,2026-01-22_11h14.37.321,WP1_3,2025.2.3,Win32,61.34969325,669177c66d14fd83c2a18125,695fcc08e6593b9a696132f7,,,,,,,,,,,,,,,,,,,,,,,,,,,,,,,,,,,,,,,,,,,,,,,,,,,,,,,,,,,,32,Celebrities_Faces/032_03_greyscale_250.png,,,,,,,,,,,,,,,,,,,,,,,,,,,,,,,,,,,,,2.428193922,981.5975,984.0292,,,,,,,,TRUE,,FALSE,,,,,,,,,,,,984.0308,984.9905,p,106,68,2,1,3,familiar,,,FALSE,984.9908,984.9908,984.9909,984.9909,,105,0,105,0,1,0.8665,,,
,,,,,6972064f05789ba107fe0f9f,2026-01-22_11h14.37.321,WP1_3,2025.2.3,Win32,61.34969325,669177c66d14fd83c2a18125,695fcc08e6593b9a696132f7,,,,,,,,,,,,,,,,,,,,,,,,,,,,,,,,,,,,,,,,,,,,,,,,,,,,,,,,,,,,51,Celebrities_Faces/051_03_greyscale_250.png,,,,,,,,,,,,,,,,,,,,,,,,,,,,,,,,,,,,,2.425017043,984.9915,987.4123,,,,,,,,TRUE,,FALSE,,,,,,,,,,,,987.4129,988.4129,p,107,72,2,1,3,familiar,,,FALSE,988.4131,988.4132,988.4132,988.4133,,106,0,106,0,1,0.9064,,,
,,,,,6972064f05789ba107fe0f9f,2026-01-22_11h14.37.321,WP1_3,2025.2.3,Win32,61.34969325,669177c66d14fd83c2a18125,695fcc08e6593b9a696132f7,,,,,,,,,,,,,,,,,,,,,,,,,,,,,,,,,,,,,,,,,,,,,,,,,,,,,,,,,,,,100,stim_fam/100_rgray_250.png,,,,,,,,,,,,,,,,,,,,,,,,,,,,,,,,,,,,,2.189893448,988.4136,990.596,,,,,,,,FALSE,,FALSE,,,,,,,,,,,,990.5967,991.3622,p,108,110,2,1,250,novel,,,FALSE,991.3624,991.3632,991.3632,991.3632,,107,0,107,0,1,0.6845,,,
,,,,,6972064f05789ba107fe0f9f,2026-01-22_11h14.37.321,WP1_3,2025.2.3,Win32,61.34969325,669177c66d14fd83c2a18125,695fcc08e6593b9a696132f7,,,,,,,,,,,,,,,,,,,,,,,,,,,,,,,,,,,,,,,,,,,,,,,,,,,,,,,,,,,,65,stim_fam/065_rgray_250.png,,,,,,,,,,,,,,,,,,,,,,,,,,,,,,,,,,,,,1.519579691,991.364,992.8909,,,,,,,,FALSE,,FALSE,,,,,,,,,,,,992.8918,993.7961,p,109,112,2,1,250,novel,,,FALSE,993.7964,993.7965,993.7965,993.7966,,108,0,108,0,1,0.8009,,,
,,,,,6972064f05789ba107fe0f9f,2026-01-22_11h14.37.321,WP1_3,2025.2.3,Win32,61.34969325,669177c66d14fd83c2a18125,695fcc08e6593b9a696132f7,,,,,,,,,,,,,,,,,,,,,,,,,,,,,,,,,,,,,,,,,,,,,,,,,,,,,,,,,,,,46,stim_fam/046_rgray_250.png,,,,,,,,,,,,,,,,,,,,,,,,,,,,,,,,,,,,,2.383851092,993.7969,996.1902,,,,,,,,FALSE,,FALSE,,,,,,,,,,,,996.1912,997.029,p,110,107,2,1,250,novel,,,FALSE,997.0292,997.0292,997.0292,997.0293,,109,0,109,0,1,0.7449,,,
,,,,,6972064f05789ba107fe0f9f,2026-01-22_11h14.37.321,WP1_3,2025.2.3,Win32,61.34969325,669177c66d14fd83c2a18125,695fcc08e6593b9a696132f7,,,,,,,,,,,,,,,,,,,,,,,,,,,,,,,,,,,,,,,,,,,,,,,,,,,,,,,,,,,,71,stim_fam/071_rgray_250.png,,,,,,,,,,,,,,,,,,,,,,,,,,,,,,,,,,,,,2.025026486,997.0298,999.046,,,,,,,,FALSE,,FALSE,,,,,,,,,,,,999.047,999.8171,p,111,98,2,1,250,novel,,,FALSE,999.8173,999.8173,999.8175,999.818,,110,0,110,0,1,0.6902,,,
,,,,,6972064f05789ba107fe0f9f,2026-01-22_11h14.37.321,WP1_3,2025.2.3,Win32,61.34969325,669177c66d14fd83c2a18125,695fcc08e6593b9a696132f7,,,,,,,,,,,,,,,,,,,,,,,,,,,,,,,,,,,,,,,,,,,,,,,,,,,,,,,,,,,,50,Celebrities_Faces/050_03_greyscale_250.png,,,,,,,,,,,,,,,,,,,,,,,,,,,,,,,,,,,,,1.818123008,999.8185,1001.6297,,,,,,,,TRUE,,FALSE,,,,,,,,,,,,1001.6308,1002.363,p,112,64,2,1,3,familiar,,,FALSE,1002.3635,1002.3636,1002.3636,1002.3638,,111,0,111,0,1,0.6394,,,
,,,,,6972064f05789ba107fe0f9f,2026-01-22_11h14.37.321,WP1_3,2025.2.3,Win32,61.34969325,669177c66d14fd83c2a18125,695fcc08e6593b9a696132f7,,,,,,,,,,,,,,,,,,,,,,,,,,,,,,,,,,,,,,,,,,,,,,,,,,,,,,,,,,,,15,stim_fam/015_rgray_250.png,,,,,,,,,,,,,,,,,,,,,,,,,,,,,,,,,,,,,2.2823558,1002.3644,1004.6459,,,,,,,,FALSE,,FALSE,,,,,,,,,,,,1004.6466,1005.573,p,113,101,2,1,250,novel,,,FALSE,1005.5733,1005.5733,1005.5734,1005.5734,,112,0,112,0,1,0.8439,,,
,,,,,6972064f05789ba107fe0f9f,2026-01-22_11h14.37.321,WP1_3,2025.2.3,Win32,61.34969325,669177c66d14fd83c2a18125,695fcc08e6593b9a696132f7,,,,,,,,,,,,,,,,,,,,,,,,,,,,,,,,,,,,,,,,,,,,,,,,,,,,,,,,,,,,79,stim_fam/079_rgray_250.png,,,,,,,,,,,,,,,,,,,,,,,,,,,,,,,,,,,,,2.197280308,1005.5737,1007.7621,,,,,,,,FALSE,,FALSE,,,,,,,,,,,,1007.7633,1008.5961,p,114,105,2,1,250,novel,,,FALSE,1008.5964,1008.5966,1008.5966,1008.5967,,113,0,113,0,1,0.7395,,,
,,,,,6972064f05789ba107fe0f9f,2026-01-22_11h14.37.321,WP1_3,2025.2.3,Win32,61.34969325,669177c66d14fd83c2a18125,695fcc08e6593b9a696132f7,,,,,,,,,,,,,,,,,,,,,,,,,,,,,,,,,,,,,,,,,,,,,,,,,,,,,,,,,,,,17,Celebrities_Faces/017_01_greyscale_250.png,,,,,,,,,,,,,,,,,,,,,,,,,,,,,,,,,,,,,1.982629181,1008.5972,1010.5792,,,,,,,,TRUE,,FALSE,,,,,,,,,,,,1010.5798,1011.4623,p,115,78,2,1,1,familiar,,,FALSE,1011.4626,1011.4627,1011.4628,1011.4631,,114,0,114,0,1,0.7818,,,
,,,,,6972064f05789ba107fe0f9f,2026-01-22_11h14.37.321,WP1_3,2025.2.3,Win32,61.34969325,669177c66d14fd83c2a18125,695fcc08e6593b9a696132f7,,,,,,,,,,,,,,,,,,,,,,,,,,,,,,,,,,,,,,,,,,,,,,,,,,,,,,,,,,,,3,Celebrities_Faces/003_03_greyscale_250.png,,,,,,,,,,,,,,,,,,,,,,,,,,,,,,,,,,,,,2.233652168,1011.4637,1013.6957,,,,,,,,TRUE,,FALSE,,,,,,,,,,,,1013.6975,1014.4294,p,116,73,2,1,3,familiar,,,FALSE,1014.4296,1014.4297,1014.4297,1014.4298,,115,0,115,0,1,0.6513,,,
,,,,,6972064f05789ba107fe0f9f,2026-01-22_11h14.37.321,WP1_3,2025.2.3,Win32,61.34969325,669177c66d14fd83c2a18125,695fcc08e6593b9a696132f7,,,,,,,,,,,,,,,,,,,,,,,,,,,,,,,,,,,,,,,,,,,,,,,,,,,,,,,,,,,,44,Celebrities_Faces/044_02_greyscale_250.png,,,,,,,,,,,,,,,,,,,,,,,,,,,,,,,,,,,,,2.33489574,1014.4303,1016.7631,,,,,,,,TRUE,,FALSE,,,,,,,,,,,,1016.7649,1017.6241,p,117,88,2,1,2,familiar,,,FALSE,1017.6245,1017.6247,1017.6248,1017.6249,,116,0,116,0,1,0.7657,,,
,,,,,6972064f05789ba107fe0f9f,2026-01-22_11h14.37.321,WP1_3,2025.2.3,Win32,61.34969325,669177c66d14fd83c2a18125,695fcc08e6593b9a696132f7,,,,,,,,,,,,,,,,,,,,,,,,,,,,,,,,,,,,,,,,,,,,,,,,,,,,,,,,,,,,9,stim_fam/009_rgray_250.png,,,,,,,,,,,,,,,,,,,,,,,,,,,,,,,,,,,,,2.031282532,1017.6252,1019.6459,,,,,,,,FALSE,,FALSE,,,,,,,,,,,,1019.647,1020.5224,p,118,106,2,1,250,novel,,,FALSE,1020.5226,1020.5226,1020.5226,1020.5227,,117,0,117,0,1,0.7903,,,
,,,,,6972064f05789ba107fe0f9f,2026-01-22_11h14.37.321,WP1_3,2025.2.3,Win32,61.34969325,669177c66d14fd83c2a18125,695fcc08e6593b9a696132f7,,,,,,,,,,,,,,,,,,,,,,,,,,,,,,,,,,,,,,,,,,,,,,,,,,,,,,,,,,,,38,Celebrities_Faces/038_03_greyscale_250.png,,,,,,,,,,,,,,,,,,,,,,,,,,,,,,,,,,,,,2.071553685,1020.5231,1022.6082,,,,,,,,TRUE,,TRUE,,,,,,,,,,,,1022.6091,1023.7134,,119,62,2,1,3,familiar,,,FALSE,1023.7137,1024.7061,1024.7061,1024.7063,,118,0,118,0,1,,,,
,,,,,6972064f05789ba107fe0f9f,2026-01-22_11h14.37.321,WP1_3,2025.2.3,Win32,61.34969325,669177c66d14fd83c2a18125,695fcc08e6593b9a696132f7,,,,,,,,,,,,,,,,,,,,,,,,,,,,,,,,,,,,,,,,,,,,,,,,,,,,,,,,,,,,91,stim_fam/091_rgray_250.png,,,,,,,,,,,,,,,,,,,,,,,,,,,,,,,,,,,,,1.796324291,1024.7067,1026.4958,,,,,,,,FALSE,,FALSE,,,,,,,,,,,,1026.4971,1027.4127,p,120,120,2,1,250,novel,,,FALSE,1027.4128,1027.4129,1027.413,1030.6574,space,119,0,119,0,1,0.8196,,3.2174,
,,,,,6972064f05789ba107fe0f9f,2026-01-22_11h14.37.321,WP1_3,2025.2.3,Win32,61.34969325,669177c66d14fd83c2a18125,695fcc08e6593b9a696132f7,,,,,,,,,,,,,,,,,,,,,,,,,,,,,,,,,,,,,,,,,,,,,,,,,,,,,,,,,,,,87,stim_fam/087_rgray_250.png,,,,,,,,,,,,,,,,,,,,,,,,,,,,,,,,,,,,,1.939424832,1030.658,1032.5959,,,,,,,,FALSE,,FALSE,,,,,,,,,,,,1032.5966,1033.3296,p,121,168,3,1,250,novel,,,FALSE,1033.3298,1033.3298,1033.3299,1033.3299,,120,0,120,0,1,0.6389,,,
,,,,,6972064f05789ba107fe0f9f,2026-01-22_11h14.37.321,WP1_3,2025.2.3,Win32,61.34969325,669177c66d14fd83c2a18125,695fcc08e6593b9a696132f7,,,,,,,,,,,,,,,,,,,,,,,,,,,,,,,,,,,,,,,,,,,,,,,,,,,,,,,,,,,,15,Celebrities_Faces/015_03_greyscale_250.png,,,,,,,,,,,,,,,,,,,,,,,,,,,,,,,,,,,,,1.573028464,1033.3305,1034.8956,,,,,,,,TRUE,,FALSE,,,,,,,,,,,,1034.8963,1035.8069,p,122,150,3,1,3,familiar,,,FALSE,1035.8071,1035.8073,1035.8073,1035.8073,,121,0,121,0,1,0.8049,,,
,,,,,6972064f05789ba107fe0f9f,2026-01-22_11h14.37.321,WP1_3,2025.2.3,Win32,61.34969325,669177c66d14fd83c2a18125,695fcc08e6593b9a696132f7,,,,,,,,,,,,,,,,,,,,,,,,,,,,,,,,,,,,,,,,,,,,,,,,,,,,,,,,,,,,42,stim_fam/042_rgray_250.png,,,,,,,,,,,,,,,,,,,,,,,,,,,,,,,,,,,,,2.062352529,1035.8078,1037.8623,,,,,,,,FALSE,,FALSE,,,,,,,,,,,,1037.8628,1038.6125,p,123,175,3,1,250,novel,,,FALSE,1038.6128,1038.6131,1038.6132,1038.6133,,122,0,122,0,1,0.6643,,,
,,,,,6972064f05789ba107fe0f9f,2026-01-22_11h14.37.321,WP1_3,2025.2.3,Win32,61.34969325,669177c66d14fd83c2a18125,695fcc08e6593b9a696132f7,,,,,,,,,,,,,,,,,,,,,,,,,,,,,,,,,,,,,,,,,,,,,,,,,,,,,,,,,,,,34,Celebrities_Faces/034_01_greyscale_250.png,,,,,,,,,,,,,,,,,,,,,,,,,,,,,,,,,,,,,2.141280916,1038.6137,1040.7463,,,,,,,,TRUE,,TRUE,,,,,,,,,,,,1040.7474,1041.8588,,124,135,3,1,1,familiar,,,FALSE,1041.8591,1042.8578,1042.858,1042.8581,,123,0,123,0,1,,,,
,,,,,6972064f05789ba107fe0f9f,2026-01-22_11h14.37.321,WP1_3,2025.2.3,Win32,61.34969325,669177c66d14fd83c2a18125,695fcc08e6593b9a696132f7,,,,,,,,,,,,,,,,,,,,,,,,,,,,,,,,,,,,,,,,,,,,,,,,,,,,,,,,,,,,44,Celebrities_Faces/044_01_greyscale_250.png,,,,,,,,,,,,,,,,,,,,,,,,,,,,,,,,,,,,,1.771570138,1042.8589,1044.6253,,,,,,,,TRUE,,FALSE,,,,,,,,,,,,1044.6355,1045.4291,p,125,148,3,1,1,familiar,,,FALSE,1045.4294,1045.4296,1045.4296,1045.4299,,124,0,124,0,1,0.7061,,,
,,,,,6972064f05789ba107fe0f9f,2026-01-22_11h14.37.321,WP1_3,2025.2.3,Win32,61.34969325,669177c66d14fd83c2a18125,695fcc08e6593b9a696132f7,,,,,,,,,,,,,,,,,,,,,,,,,,,,,,,,,,,,,,,,,,,,,,,,,,,,,,,,,,,,1,Celebrities_Faces/001_02_greyscale_250.png,,,,,,,,,,,,,,,,,,,,,,,,,,,,,,,,,,,,,2.299808523,1045.4304,1047.7295,,,,,,,,TRUE,,FALSE,,,,,,,,,,,,1047.7308,1048.4622,q,126,140,3,1,2,familiar,,,FALSE,1048.4625,1048.4626,1048.4626,1048.4628,,125,0,125,0,1,0.6351,,,
,,,,,6972064f05789ba107fe0f9f,2026-01-22_11h14.37.321,WP1_3,2025.2.3,Win32,61.34969325,669177c66d14fd83c2a18125,695fcc08e6593b9a696132f7,,,,,,,,,,,,,,,,,,,,,,,,,,,,,,,,,,,,,,,,,,,,,,,,,,,,,,,,,,,,32,Celebrities_Faces/032_02_greyscale_250.png,,,,,,,,,,,,,,,,,,,,,,,,,,,,,,,,,,,,,1.709341495,1048.4633,1050.1623,,,,,,,,TRUE,,FALSE,,,,,,,,,,,,1050.1629,1051.0954,p,127,128,3,1,2,familiar,,,FALSE,1051.0957,1051.0959,1051.0959,1051.0959,,126,0,126,0,1,0.8336,,,
,,,,,6972064f05789ba107fe0f9f,2026-01-22_11h14.37.321,WP1_3,2025.2.3,Win32,61.34969325,669177c66d14fd83c2a18125,695fcc08e6593b9a696132f7,,,,,,,,,,,,,,,,,,,,,,,,,,,,,,,,,,,,,,,,,,,,,,,,,,,,,,,,,,,,30,Celebrities_Faces/030_01_greyscale_250.png,,,,,,,,,,,,,,,,,,,,,,,,,,,,,,,,,,,,,1.829246125,1051.0962,1052.9295,,,,,,,,TRUE,,FALSE,,,,,,,,,,,,1052.9303,1053.8625,q,128,129,3,1,1,familiar,,,FALSE,1053.8628,1053.863,1053.863,1053.8632,,127,0,127,0,1,0.8409,,,
,,,,,6972064f05789ba107fe0f9f,2026-01-22_11h14.37.321,WP1_3,2025.2.3,Win32,61.34969325,669177c66d14fd83c2a18125,695fcc08e6593b9a696132f7,,,,,,,,,,,,,,,,,,,,,,,,,,,,,,,,,,,,,,,,,,,,,,,,,,,,,,,,,,,,72,stim_fam/072_rgray_250.png,,,,,,,,,,,,,,,,,,,,,,,,,,,,,,,,,,,,,1.953119763,1053.8636,1055.8121,,,,,,,,FALSE,,FALSE,,,,,,,,,,,,1055.8128,1056.6125,p,129,170,3,1,250,novel,,,FALSE,1056.6127,1056.6127,1056.6128,1056.6129,,128,0,128,0,1,0.7198,,,
,,,,,6972064f05789ba107fe0f9f,2026-01-22_11h14.37.321,WP1_3,2025.2.3,Win32,61.34969325,669177c66d14fd83c2a18125,695fcc08e6593b9a696132f7,,,,,,,,,,,,,,,,,,,,,,,,,,,,,,,,,,,,,,,,,,,,,,,,,,,,,,,,,,,,75,stim_fam/075_rgray_250.png,,,,,,,,,,,,,,,,,,,,,,,,,,,,,,,,,,,,,2.328456754,1056.6134,1058.946,,,,,,,,FALSE,,FALSE,,,,,,,,,,,,1058.9477,1059.7464,p,130,180,3,1,250,novel,,,FALSE,1059.7466,1059.7466,1059.7467,1059.7468,,129,0,129,0,1,0.7045,,,
,,,,,6972064f05789ba107fe0f9f,2026-01-22_11h14.37.321,WP1_3,2025.2.3,Win32,61.34969325,669177c66d14fd83c2a18125,695fcc08e6593b9a696132f7,,,,,,,,,,,,,,,,,,,,,,,,,,,,,,,,,,,,,,,,,,,,,,,,,,,,,,,,,,,,50,Celebrities_Faces/050_02_greyscale_250.png,,,,,,,,,,,,,,,,,,,,,,,,,,,,,,,,,,,,,2.303711464,1059.7471,1062.0458,,,,,,,,TRUE,,FALSE,,,,,,,,,,,,1062.047,1062.9622,p,131,124,3,1,2,familiar,,,FALSE,1062.9624,1062.9624,1062.9624,1062.9627,,130,0,130,0,1,0.834,,,
,,,,,6972064f05789ba107fe0f9f,2026-01-22_11h14.37.321,WP1_3,2025.2.3,Win32,61.34969325,669177c66d14fd83c2a18125,695fcc08e6593b9a696132f7,,,,,,,,,,,,,,,,,,,,,,,,,,,,,,,,,,,,,,,,,,,,,,,,,,,,,,,,,,,,48,stim_fam/048_rgray_250.png,,,,,,,,,,,,,,,,,,,,,,,,,,,,,,,,,,,,,2.449053993,1062.9632,1065.4125,,,,,,,,FALSE,,TRUE,,,,,,,,,,,,1065.4136,1066.529,,132,152,3,1,250,novel,,,FALSE,1066.5292,1067.5284,1067.5284,1067.5285,,131,0,131,0,1,,,,
,,,,,6972064f05789ba107fe0f9f,2026-01-22_11h14.37.321,WP1_3,2025.2.3,Win32,61.34969325,669177c66d14fd83c2a18125,695fcc08e6593b9a696132f7,,,,,,,,,,,,,,,,,,,,,,,,,,,,,,,,,,,,,,,,,,,,,,,,,,,,,,,,,,,,4,Celebrities_Faces/004_01_greyscale_250.png,,,,,,,,,,,,,,,,,,,,,,,,,,,,,,,,,,,,,2.136153175,1067.5289,1069.6626,,,,,,,,TRUE,,FALSE,,,,,,,,,,,,1069.6641,1070.5289,p,133,144,3,1,1,familiar,,,FALSE,1070.5291,1070.5292,1070.5292,1070.5293,,132,0,132,0,1,0.7713,,,
,,,,,6972064f05789ba107fe0f9f,2026-01-22_11h14.37.321,WP1_3,2025.2.3,Win32,61.34969325,669177c66d14fd83c2a18125,695fcc08e6593b9a696132f7,,,,,,,,,,,,,,,,,,,,,,,,,,,,,,,,,,,,,,,,,,,,,,,,,,,,,,,,,,,,22,stim_fam/022_rgray_250.png,,,,,,,,,,,,,,,,,,,,,,,,,,,,,,,,,,,,,1.754827269,1070.5298,1072.2789,,,,,,,,FALSE,,FALSE,,,,,,,,,,,,1072.2806,1073.079,p,134,158,3,1,250,novel,,,FALSE,1073.0792,1073.0793,1073.0793,1073.0794,,133,0,133,0,1,0.7133,,,
,,,,,6972064f05789ba107fe0f9f,2026-01-22_11h14.37.321,WP1_3,2025.2.3,Win32,61.34969325,669177c66d14fd83c2a18125,695fcc08e6593b9a696132f7,,,,,,,,,,,,,,,,,,,,,,,,,,,,,,,,,,,,,,,,,,,,,,,,,,,,,,,,,,,,48,Celebrities_Faces/048_01_greyscale_250.png,,,,,,,,,,,,,,,,,,,,,,,,,,,,,,,,,,,,,2.195103922,1073.08,1075.2793,,,,,,,,TRUE,,FALSE,,,,,,,,,,,,1075.2802,1075.9958,p,135,147,3,1,1,familiar,,,FALSE,1075.996,1075.996,1075.996,1075.9961,,134,0,134,0,1,0.6215,,,
,,,,,6972064f05789ba107fe0f9f,2026-01-22_11h14.37.321,WP1_3,2025.2.3,Win32,61.34969325,669177c66d14fd83c2a18125,695fcc08e6593b9a696132f7,,,,,,,,,,,,,,,,,,,,,,,,,,,,,,,,,,,,,,,,,,,,,,,,,,,,,,,,,,,,38,Celebrities_Faces/038_02_greyscale_250.png,,,,,,,,,,,,,,,,,,,,,,,,,,,,,,,,,,,,,1.634723165,1075.9964,1077.6291,,,,,,,,TRUE,,FALSE,,,,,,,,,,,,1077.63,1078.3962,q,136,122,3,1,2,familiar,,,FALSE,1078.3965,1078.3966,1078.3966,1078.3967,,135,0,135,0,1,0.6702,,,
,,,,,6972064f05789ba107fe0f9f,2026-01-22_11h14.37.321,WP1_3,2025.2.3,Win32,61.34969325,669177c66d14fd83c2a18125,695fcc08e6593b9a696132f7,,,,,,,,,,,,,,,,,,,,,,,,,,,,,,,,,,,,,,,,,,,,,,,,,,,,,,,,,,,,18,stim_fam/018_rgray_250.png,,,,,,,,,,,,,,,,,,,,,,,,,,,,,,,,,,,,,2.363821901,1078.397,1080.7618,,,,,,,,FALSE,,FALSE,,,,,,,,,,,,1080.7625,1081.6401,p,137,173,3,1,250,novel,,,FALSE,1081.6403,1081.6404,1081.6404,1081.6405,,136,0,136,0,1,0.8073,,,
,,,,,6972064f05789ba107fe0f9f,2026-01-22_11h14.37.321,WP1_3,2025.2.3,Win32,61.34969325,669177c66d14fd83c2a18125,695fcc08e6593b9a696132f7,,,,,,,,,,,,,,,,,,,,,,,,,,,,,,,,,,,,,,,,,,,,,,,,,,,,,,,,,,,,8,Celebrities_Faces/008_02_greyscale_250.png,,,,,,,,,,,,,,,,,,,,,,,,,,,,,,,,,,,,,2.342046757,1081.6408,1083.9789,,,,,,,,TRUE,,FALSE,,,,,,,,,,,,1083.98,1084.9624,q,138,143,3,1,2,familiar,,,FALSE,1084.9627,1084.9627,1084.9627,1084.9628,,137,0,137,0,1,0.8905,,,
,,,,,6972064f05789ba107fe0f9f,2026-01-22_11h14.37.321,WP1_3,2025.2.3,Win32,61.34969325,669177c66d14fd83c2a18125,695fcc08e6593b9a696132f7,,,,,,,,,,,,,,,,,,,,,,,,,,,,,,,,,,,,,,,,,,,,,,,,,,,,,,,,,,,,70,stim_fam/070_rgray_250.png,,,,,,,,,,,,,,,,,,,,,,,,,,,,,,,,,,,,,2.102351018,1084.9631,1087.0623,,,,,,,,FALSE,,FALSE,,,,,,,,,,,,1087.063,1087.8041,p,139,156,3,1,250,novel,,,FALSE,1087.8042,1087.8043,1087.8043,1087.8043,,138,0,138,0,1,0.6513,,,
,,,,,6972064f05789ba107fe0f9f,2026-01-22_11h14.37.321,WP1_3,2025.2.3,Win32,61.34969325,669177c66d14fd83c2a18125,695fcc08e6593b9a696132f7,,,,,,,,,,,,,,,,,,,,,,,,,,,,,,,,,,,,,,,,,,,,,,,,,,,,,,,,,,,,33,Celebrities_Faces/033_01_greyscale_250.png,,,,,,,,,,,,,,,,,,,,,,,,,,,,,,,,,,,,,2.097448329,1087.8045,1089.8975,,,,,,,,TRUE,,FALSE,,,,,,,,,,,,1089.8983,1090.9314,p,140,131,3,1,1,familiar,,,FALSE,1090.9317,1090.9319,1090.932,1090.9321,,139,0,139,0,1,0.9371,,,
,,,,,6972064f05789ba107fe0f9f,2026-01-22_11h14.37.321,WP1_3,2025.2.3,Win32,61.34969325,669177c66d14fd83c2a18125,695fcc08e6593b9a696132f7,,,,,,,,,,,,,,,,,,,,,,,,,,,,,,,,,,,,,,,,,,,,,,,,,,,,,,,,,,,,17,stim_fam/017_rgray_250.png,,,,,,,,,,,,,,,,,,,,,,,,,,,,,,,,,,,,,2.391652691,1090.9329,1093.3193,,,,,,,,FALSE,,FALSE,,,,,,,,,,,,1093.3206,1094.1472,p,141,160,3,1,250,novel,,,FALSE,1094.1476,1094.1477,1094.1477,1094.1477,,140,0,140,0,1,0.716,,,
,,,,,6972064f05789ba107fe0f9f,2026-01-22_11h14.37.321,WP1_3,2025.2.3,Win32,61.34969325,669177c66d14fd83c2a18125,695fcc08e6593b9a696132f7,,,,,,,,,,,,,,,,,,,,,,,,,,,,,,,,,,,,,,,,,,,,,,,,,,,,,,,,,,,,6,Celebrities_Faces/006_03_greyscale_250.png,,,,,,,,,,,,,,,,,,,,,,,,,,,,,,,,,,,,,1.690365588,1094.1483,1095.8292,,,,,,,,TRUE,,FALSE,,,,,,,,,,,,1095.8308,1096.6458,q,142,139,3,1,3,familiar,,,FALSE,1096.646,1096.6464,1096.6464,1096.6465,,141,0,141,0,1,0.7224,,,
,,,,,6972064f05789ba107fe0f9f,2026-01-22_11h14.37.321,WP1_3,2025.2.3,Win32,61.34969325,669177c66d14fd83c2a18125,695fcc08e6593b9a696132f7,,,,,,,,,,,,,,,,,,,,,,,,,,,,,,,,,,,,,,,,,,,,,,,,,,,,,,,,,,,,46,Celebrities_Faces/046_01_greyscale_250.png,,,,,,,,,,,,,,,,,,,,,,,,,,,,,,,,,,,,,1.909367649,1096.647,1098.5578,,,,,,,,TRUE,,FALSE,,,,,,,,,,,,1098.5597,1099.4793,p,143,136,3,1,1,familiar,,,FALSE,1099.4796,1099.4797,1099.4799,1099.48,,142,0,142,0,1,0.8266,,,
,,,,,6972064f05789ba107fe0f9f,2026-01-22_11h14.37.321,WP1_3,2025.2.3,Win32,61.34969325,669177c66d14fd83c2a18125,695fcc08e6593b9a696132f7,,,,,,,,,,,,,,,,,,,,,,,,,,,,,,,,,,,,,,,,,,,,,,,,,,,,,,,,,,,,23,Celebrities_Faces/023_03_greyscale_250.png,,,,,,,,,,,,,,,,,,,,,,,,,,,,,,,,,,,,,2.485737877,1099.4804,1101.9666,,,,,,,,TRUE,,FALSE,,,,,,,,,,,,1101.9673,1102.7956,q,144,142,3,1,3,familiar,,,FALSE,1102.7959,1102.7961,1102.7961,1102.7962,,143,0,143,0,1,0.7366,,,
,,,,,6972064f05789ba107fe0f9f,2026-01-22_11h14.37.321,WP1_3,2025.2.3,Win32,61.34969325,669177c66d14fd83c2a18125,695fcc08e6593b9a696132f7,,,,,,,,,,,,,,,,,,,,,,,,,,,,,,,,,,,,,,,,,,,,,,,,,,,,,,,,,,,,37,Celebrities_Faces/037_01_greyscale_250.png,,,,,,,,,,,,,,,,,,,,,,,,,,,,,,,,,,,,,1.970203391,1102.7967,1104.7624,,,,,,,,TRUE,,FALSE,,,,,,,,,,,,1104.7632,1105.7787,p,145,123,3,1,1,familiar,,,FALSE,1105.7789,1105.7792,1105.7793,1105.7793,,144,0,144,0,1,0.9188,,,
,,,,,6972064f05789ba107fe0f9f,2026-01-22_11h14.37.321,WP1_3,2025.2.3,Win32,61.34969325,669177c66d14fd83c2a18125,695fcc08e6593b9a696132f7,,,,,,,,,,,,,,,,,,,,,,,,,,,,,,,,,,,,,,,,,,,,,,,,,,,,,,,,,,,,54,Celebrities_Faces/054_02_greyscale_250.png,,,,,,,,,,,,,,,,,,,,,,,,,,,,,,,,,,,,,1.67193206,1105.7797,1107.4458,,,,,,,,TRUE,,FALSE,,,,,,,,,,,,1107.4468,1108.2952,p,146,121,3,1,2,familiar,,,FALSE,1108.2956,1108.2957,1108.2957,1108.2959,,145,0,145,0,1,0.7475,,,
,,,,,6972064f05789ba107fe0f9f,2026-01-22_11h14.37.321,WP1_3,2025.2.3,Win32,61.34969325,669177c66d14fd83c2a18125,695fcc08e6593b9a696132f7,,,,,,,,,,,,,,,,,,,,,,,,,,,,,,,,,,,,,,,,,,,,,,,,,,,,,,,,,,,,13,stim_fam/013_rgray_250.png,,,,,,,,,,,,,,,,,,,,,,,,,,,,,,,,,,,,,1.930661229,1108.2962,1110.2293,,,,,,,,FALSE,,FALSE,,,,,,,,,,,,1110.2301,1110.9621,p,147,172,3,1,250,novel,,,FALSE,1110.9624,1110.9624,1110.9624,1110.9625,,146,0,146,0,1,0.6359,,,
,,,,,6972064f05789ba107fe0f9f,2026-01-22_11h14.37.321,WP1_3,2025.2.3,Win32,61.34969325,669177c66d14fd83c2a18125,695fcc08e6593b9a696132f7,,,,,,,,,,,,,,,,,,,,,,,,,,,,,,,,,,,,,,,,,,,,,,,,,,,,,,,,,,,,59,stim_fam/059_rgray_250.png,,,,,,,,,,,,,,,,,,,,,,,,,,,,,,,,,,,,,2.481015649,1110.9628,1113.4454,,,,,,,,FALSE,,FALSE,,,,,,,,,,,,1113.4463,1114.279,p,148,153,3,1,250,novel,,,FALSE,1114.2793,1114.2794,1114.2794,1114.2796,,147,0,147,0,1,0.6977,,,
,,,,,6972064f05789ba107fe0f9f,2026-01-22_11h14.37.321,WP1_3,2025.2.3,Win32,61.34969325,669177c66d14fd83c2a18125,695fcc08e6593b9a696132f7,,,,,,,,,,,,,,,,,,,,,,,,,,,,,,,,,,,,,,,,,,,,,,,,,,,,,,,,,,,,45,Celebrities_Faces/045_01_greyscale_250.png,,,,,,,,,,,,,,,,,,,,,,,,,,,,,,,,,,,,,1.743686279,1114.2799,1116.0245,,,,,,,,TRUE,,FALSE,,,,,,,,,,,,1116.0256,1116.7785,p,149,125,3,1,1,familiar,,,FALSE,1116.7787,1116.7788,1116.7789,1116.779,,148,0,148,0,1,0.6553,,,
,,,,,6972064f05789ba107fe0f9f,2026-01-22_11h14.37.321,WP1_3,2025.2.3,Win32,61.34969325,669177c66d14fd83c2a18125,695fcc08e6593b9a696132f7,,,,,,,,,,,,,,,,,,,,,,,,,,,,,,,,,,,,,,,,,,,,,,,,,,,,,,,,,,,,53,stim_fam/053_rgray_250.png,,,,,,,,,,,,,,,,,,,,,,,,,,,,,,,,,,,,,2.248447833,1116.7794,1119.0289,,,,,,,,FALSE,,FALSE,,,,,,,,,,,,1119.0301,1119.8518,p,150,151,3,1,250,novel,,,FALSE,1119.852,1119.8521,1119.8521,1119.8522,,149,0,149,0,1,0.7328,,,
,,,,,6972064f05789ba107fe0f9f,2026-01-22_11h14.37.321,WP1_3,2025.2.3,Win32,61.34969325,669177c66d14fd83c2a18125,695fcc08e6593b9a696132f7,,,,,,,,,,,,,,,,,,,,,,,,,,,,,,,,,,,,,,,,,,,,,,,,,,,,,,,,,,,,99,stim_fam/099_rgray_250.png,,,,,,,,,,,,,,,,,,,,,,,,,,,,,,,,,,,,,1.561768836,1119.8526,1121.4134,,,,,,,,FALSE,,FALSE,,,,,,,,,,,,1121.4146,1122.1624,p,151,177,3,1,250,novel,,,FALSE,1122.1626,1122.1627,1122.1627,1122.1627,,150,0,150,0,1,0.6599,,,
,,,,,6972064f05789ba107fe0f9f,2026-01-22_11h14.37.321,WP1_3,2025.2.3,Win32,61.34969325,669177c66d14fd83c2a18125,695fcc08e6593b9a696132f7,,,,,,,,,,,,,,,,,,,,,,,,,,,,,,,,,,,,,,,,,,,,,,,,,,,,,,,,,,,,31,stim_fam/031_rgray_250.png,,,,,,,,,,,,,,,,,,,,,,,,,,,,,,,,,,,,,2.428285285,1122.1635,1124.5952,,,,,,,,FALSE,,FALSE,,,,,,,,,,,,1124.5968,1125.2786,p,152,155,3,1,250,novel,,,FALSE,1125.2788,1125.2788,1125.2788,1125.2789,,151,0,151,0,1,0.5935,,,
,,,,,6972064f05789ba107fe0f9f,2026-01-22_11h14.37.321,WP1_3,2025.2.3,Win32,61.34969325,669177c66d14fd83c2a18125,695fcc08e6593b9a696132f7,,,,,,,,,,,,,,,,,,,,,,,,,,,,,,,,,,,,,,,,,,,,,,,,,,,,,,,,,,,,37,stim_fam/037_rgray_250.png,,,,,,,,,,,,,,,,,,,,,,,,,,,,,,,,,,,,,1.804518662,1125.2793,1127.0787,,,,,,,,FALSE,,FALSE,,,,,,,,,,,,1127.0795,1127.9455,p,153,162,3,1,250,novel,,,FALSE,1127.9457,1127.9462,1127.9463,1127.9465,,152,0,152,0,1,0.7705,,,
,,,,,6972064f05789ba107fe0f9f,2026-01-22_11h14.37.321,WP1_3,2025.2.3,Win32,61.34969325,669177c66d14fd83c2a18125,695fcc08e6593b9a696132f7,,,,,,,,,,,,,,,,,,,,,,,,,,,,,,,,,,,,,,,,,,,,,,,,,,,,,,,,,,,,4,stim_fam/004_rgray_250.png,,,,,,,,,,,,,,,,,,,,,,,,,,,,,,,,,,,,,1.509945826,1127.947,1129.4576,,,,,,,,FALSE,,FALSE,,,,,,,,,,,,1129.4598,1130.1121,p,154,169,3,1,250,novel,,,FALSE,1130.1124,1130.1125,1130.1125,1130.1127,,153,0,153,0,1,0.5507,,,
,,,,,6972064f05789ba107fe0f9f,2026-01-22_11h14.37.321,WP1_3,2025.2.3,Win32,61.34969325,669177c66d14fd83c2a18125,695fcc08e6593b9a696132f7,,,,,,,,,,,,,,,,,,,,,,,,,,,,,,,,,,,,,,,,,,,,,,,,,,,,,,,,,,,,52,stim_fam/052_rgray_250.png,,,,,,,,,,,,,,,,,,,,,,,,,,,,,,,,,,,,,1.917883652,1130.1133,1132.0286,,,,,,,,FALSE,,FALSE,,,,,,,,,,,,1132.0298,1132.8959,p,155,166,3,1,250,novel,,,FALSE,1132.8963,1132.8965,1132.8965,1132.8965,,154,0,154,0,1,0.7494,,,
,,,,,6972064f05789ba107fe0f9f,2026-01-22_11h14.37.321,WP1_3,2025.2.3,Win32,61.34969325,669177c66d14fd83c2a18125,695fcc08e6593b9a696132f7,,,,,,,,,,,,,,,,,,,,,,,,,,,,,,,,,,,,,,,,,,,,,,,,,,,,,,,,,,,,49,stim_fam/049_rgray_250.png,,,,,,,,,,,,,,,,,,,,,,,,,,,,,,,,,,,,,1.60120111,1132.897,1134.4955,,,,,,,,FALSE,,FALSE,,,,,,,,,,,,1134.4965,1135.2556,p,156,154,3,1,250,novel,,,FALSE,1135.2558,1135.2559,1135.2559,1135.2561,,155,0,155,0,1,0.679,,,
,,,,,6972064f05789ba107fe0f9f,2026-01-22_11h14.37.321,WP1_3,2025.2.3,Win32,61.34969325,669177c66d14fd83c2a18125,695fcc08e6593b9a696132f7,,,,,,,,,,,,,,,,,,,,,,,,,,,,,,,,,,,,,,,,,,,,,,,,,,,,,,,,,,,,20,Celebrities_Faces/020_03_greyscale_250.png,,,,,,,,,,,,,,,,,,,,,,,,,,,,,,,,,,,,,1.586081194,1135.2567,1136.8451,,,,,,,,TRUE,,FALSE,,,,,,,,,,,,1136.8463,1137.9122,p,157,141,3,1,3,familiar,,,FALSE,1137.9125,1137.9125,1137.9125,1137.9126,,156,0,156,0,1,0.9779,,,
,,,,,6972064f05789ba107fe0f9f,2026-01-22_11h14.37.321,WP1_3,2025.2.3,Win32,61.34969325,669177c66d14fd83c2a18125,695fcc08e6593b9a696132f7,,,,,,,,,,,,,,,,,,,,,,,,,,,,,,,,,,,,,,,,,,,,,,,,,,,,,,,,,,,,8,stim_fam/008_rgray_250.png,,,,,,,,,,,,,,,,,,,,,,,,,,,,,,,,,,,,,2.371899583,1137.913,1140.2789,,,,,,,,FALSE,,FALSE,,,,,,,,,,,,1140.2798,1141.1621,p,158,164,3,1,250,novel,,,FALSE,1141.1626,1141.1627,1141.1628,1141.1629,,157,0,157,0,1,0.7984,,,
,,,,,6972064f05789ba107fe0f9f,2026-01-22_11h14.37.321,WP1_3,2025.2.3,Win32,61.34969325,669177c66d14fd83c2a18125,695fcc08e6593b9a696132f7,,,,,,,,,,,,,,,,,,,,,,,,,,,,,,,,,,,,,,,,,,,,,,,,,,,,,,,,,,,,62,stim_fam/062_rgray_250.png,,,,,,,,,,,,,,,,,,,,,,,,,,,,,,,,,,,,,1.796885791,1141.1635,1142.9618,,,,,,,,FALSE,,FALSE,,,,,,,,,,,,1142.9625,1143.7622,p,159,163,3,1,250,novel,,,FALSE,1143.7625,1143.7626,1143.7626,1143.7627,,158,0,158,0,1,0.715,,,
,,,,,6972064f05789ba107fe0f9f,2026-01-22_11h14.37.321,WP1_3,2025.2.3,Win32,61.34969325,669177c66d14fd83c2a18125,695fcc08e6593b9a696132f7,,,,,,,,,,,,,,,,,,,,,,,,,,,,,,,,,,,,,,,,,,,,,,,,,,,,,,,,,,,,14,Celebrities_Faces/014_01_greyscale_250.png,,,,,,,,,,,,,,,,,,,,,,,,,,,,,,,,,,,,,1.817839355,1143.7634,1145.5791,,,,,,,,TRUE,,FALSE,,,,,,,,,,,,1145.5804,1146.5621,p,160,134,3,1,1,familiar,,,FALSE,1146.5623,1146.5624,1146.5624,1146.5625,,159,0,159,0,1,0.8823,,,
,,,,,6972064f05789ba107fe0f9f,2026-01-22_11h14.37.321,WP1_3,2025.2.3,Win32,61.34969325,669177c66d14fd83c2a18125,695fcc08e6593b9a696132f7,,,,,,,,,,,,,,,,,,,,,,,,,,,,,,,,,,,,,,,,,,,,,,,,,,,,,,,,,,,,44,stim_fam/044_rgray_250.png,,,,,,,,,,,,,,,,,,,,,,,,,,,,,,,,,,,,,1.510082975,1146.5631,1148.0622,,,,,,,,FALSE,,FALSE,,,,,,,,,,,,1148.0638,1148.9785,p,161,176,3,1,250,novel,,,FALSE,1148.9786,1148.9787,1148.9787,1148.9788,,160,0,160,0,1,0.8218,,,
,,,,,6972064f05789ba107fe0f9f,2026-01-22_11h14.37.321,WP1_3,2025.2.3,Win32,61.34969325,669177c66d14fd83c2a18125,695fcc08e6593b9a696132f7,,,,,,,,,,,,,,,,,,,,,,,,,,,,,,,,,,,,,,,,,,,,,,,,,,,,,,,,,,,,102,stim_fam/102_rgray_250.png,,,,,,,,,,,,,,,,,,,,,,,,,,,,,,,,,,,,,1.83519427,1148.9791,1150.8123,,,,,,,,FALSE,,FALSE,,,,,,,,,,,,1150.8129,1151.6122,p,162,165,3,1,250,novel,,,FALSE,1151.6123,1151.6124,1151.6124,1151.6126,,161,0,161,0,1,0.6842,,,
,,,,,6972064f05789ba107fe0f9f,2026-01-22_11h14.37.321,WP1_3,2025.2.3,Win32,61.34969325,669177c66d14fd83c2a18125,695fcc08e6593b9a696132f7,,,,,,,,,,,,,,,,,,,,,,,,,,,,,,,,,,,,,,,,,,,,,,,,,,,,,,,,,,,,3,Celebrities_Faces/003_02_greyscale_250.png,,,,,,,,,,,,,,,,,,,,,,,,,,,,,,,,,,,,,2.425096399,1151.6129,1154.0284,,,,,,,,TRUE,,FALSE,,,,,,,,,,,,1154.0303,1155.0283,q,163,133,3,1,2,familiar,,,FALSE,1155.0286,1155.0287,1155.0287,1155.0288,,162,0,162,0,1,0.9022,,,
,,,,,6972064f05789ba107fe0f9f,2026-01-22_11h14.37.321,WP1_3,2025.2.3,Win32,61.34969325,669177c66d14fd83c2a18125,695fcc08e6593b9a696132f7,,,,,,,,,,,,,,,,,,,,,,,,,,,,,,,,,,,,,,,,,,,,,,,,,,,,,,,,,,,,103,stim_fam/103_rgray_250.png,,,,,,,,,,,,,,,,,,,,,,,,,,,,,,,,,,,,,2.478735598,1155.0293,1157.512,,,,,,,,FALSE,,FALSE,,,,,,,,,,,,1157.5127,1158.3229,p,164,157,3,1,250,novel,,,FALSE,1158.3231,1158.3232,1158.3232,1158.3233,,163,0,163,0,1,0.7135,,,
,,,,,6972064f05789ba107fe0f9f,2026-01-22_11h14.37.321,WP1_3,2025.2.3,Win32,61.34969325,669177c66d14fd83c2a18125,695fcc08e6593b9a696132f7,,,,,,,,,,,,,,,,,,,,,,,,,,,,,,,,,,,,,,,,,,,,,,,,,,,,,,,,,,,,19,stim_fam/019_rgray_250.png,,,,,,,,,,,,,,,,,,,,,,,,,,,,,,,,,,,,,2.27991245,1158.3239,1160.5954,,,,,,,,FALSE,,FALSE,,,,,,,,,,,,1160.5968,1161.5124,p,165,159,3,1,250,novel,,,FALSE,1161.5126,1161.5128,1161.5128,1161.5129,,164,0,164,0,1,0.8168,,,
,,,,,6972064f05789ba107fe0f9f,2026-01-22_11h14.37.321,WP1_3,2025.2.3,Win32,61.34969325,669177c66d14fd83c2a18125,695fcc08e6593b9a696132f7,,,,,,,,,,,,,,,,,,,,,,,,,,,,,,,,,,,,,,,,,,,,,,,,,,,,,,,,,,,,28,Celebrities_Faces/028_03_greyscale_250.png,,,,,,,,,,,,,,,,,,,,,,,,,,,,,,,,,,,,,1.580444475,1161.5134,1163.0955,,,,,,,,TRUE,,TRUE,,,,,,,,,,,,1163.0972,1164.2124,,166,145,3,1,3,familiar,,,FALSE,1164.2126,1165.2119,1165.212,1165.2122,,165,0,165,0,1,,,,
,,,,,6972064f05789ba107fe0f9f,2026-01-22_11h14.37.321,WP1_3,2025.2.3,Win32,61.34969325,669177c66d14fd83c2a18125,695fcc08e6593b9a696132f7,,,,,,,,,,,,,,,,,,,,,,,,,,,,,,,,,,,,,,,,,,,,,,,,,,,,,,,,,,,,35,stim_fam/035_rgray_250.png,,,,,,,,,,,,,,,,,,,,,,,,,,,,,,,,,,,,,2.034022255,1165.2129,1167.2453,,,,,,,,FALSE,,FALSE,,,,,,,,,,,,1167.246,1167.9956,p,167,171,3,1,250,novel,,,FALSE,1167.9961,1167.9962,1167.9962,1167.9962,,166,0,166,0,1,0.6534,,,
,,,,,6972064f05789ba107fe0f9f,2026-01-22_11h14.37.321,WP1_3,2025.2.3,Win32,61.34969325,669177c66d14fd83c2a18125,695fcc08e6593b9a696132f7,,,,,,,,,,,,,,,,,,,,,,,,,,,,,,,,,,,,,,,,,,,,,,,,,,,,,,,,,,,,40,Celebrities_Faces/040_02_greyscale_250.png,,,,,,,,,,,,,,,,,,,,,,,,,,,,,,,,,,,,,2.05301381,1167.9969,1170.0464,,,,,,,,TRUE,,FALSE,,,,,,,,,,,,1170.0473,1170.7788,p,168,149,3,1,2,familiar,,,FALSE,1170.7792,1170.7793,1170.7794,1170.7794,,167,0,167,0,1,0.63,,,
,,,,,6972064f05789ba107fe0f9f,2026-01-22_11h14.37.321,WP1_3,2025.2.3,Win32,61.34969325,669177c66d14fd83c2a18125,695fcc08e6593b9a696132f7,,,,,,,,,,,,,,,,,,,,,,,,,,,,,,,,,,,,,,,,,,,,,,,,,,,,,,,,,,,,51,Celebrities_Faces/051_02_greyscale_250.png,,,,,,,,,,,,,,,,,,,,,,,,,,,,,,,,,,,,,2.109483671,1170.7798,1172.8784,,,,,,,,TRUE,,FALSE,,,,,,,,,,,,1172.8792,1173.6568,p,169,132,3,1,2,familiar,,,FALSE,1173.6571,1173.6573,1173.6573,1173.6574,,168,0,168,0,1,0.6994,,,
,,,,,6972064f05789ba107fe0f9f,2026-01-22_11h14.37.321,WP1_3,2025.2.3,Win32,61.34969325,669177c66d14fd83c2a18125,695fcc08e6593b9a696132f7,,,,,,,,,,,,,,,,,,,,,,,,,,,,,,,,,,,,,,,,,,,,,,,,,,,,,,,,,,,,43,stim_fam/043_rgray_250.png,,,,,,,,,,,,,,,,,,,,,,,,,,,,,,,,,,,,,1.991482427,1173.6578,1175.6528,,,,,,,,FALSE,,FALSE,,,,,,,,,,,,1175.6537,1176.5448,p,170,178,3,1,250,novel,,,FALSE,1176.5449,1176.5449,1176.545,1176.5451,,169,0,169,0,1,0.7927,,,
,,,,,6972064f05789ba107fe0f9f,2026-01-22_11h14.37.321,WP1_3,2025.2.3,Win32,61.34969325,669177c66d14fd83c2a18125,695fcc08e6593b9a696132f7,,,,,,,,,,,,,,,,,,,,,,,,,,,,,,,,,,,,,,,,,,,,,,,,,,,,,,,,,,,,27,Celebrities_Faces/027_03_greyscale_250.png,,,,,,,,,,,,,,,,,,,,,,,,,,,,,,,,,,,,,1.530036318,1176.5453,1178.079,,,,,,,,TRUE,,FALSE,,,,,,,,,,,,1178.0801,1178.9284,p,171,130,3,1,3,familiar,,,FALSE,1178.9287,1178.9287,1178.9287,1178.9288,,170,0,170,0,1,0.748,,,
,,,,,6972064f05789ba107fe0f9f,2026-01-22_11h14.37.321,WP1_3,2025.2.3,Win32,61.34969325,669177c66d14fd83c2a18125,695fcc08e6593b9a696132f7,,,,,,,,,,,,,,,,,,,,,,,,,,,,,,,,,,,,,,,,,,,,,,,,,,,,,,,,,,,,19,Celebrities_Faces/019_01_greyscale_250.png,,,,,,,,,,,,,,,,,,,,,,,,,,,,,,,,,,,,,1.883607399,1178.9292,1180.8117,,,,,,,,TRUE,,FALSE,,,,,,,,,,,,1180.8134,1181.6449,q,172,126,3,1,1,familiar,,,FALSE,1181.6451,1181.6451,1181.6452,1181.6453,,171,0,171,0,1,0.7344,,,
,,,,,6972064f05789ba107fe0f9f,2026-01-22_11h14.37.321,WP1_3,2025.2.3,Win32,61.34969325,669177c66d14fd83c2a18125,695fcc08e6593b9a696132f7,,,,,,,,,,,,,,,,,,,,,,,,,,,,,,,,,,,,,,,,,,,,,,,,,,,,,,,,,,,,69,stim_fam/069_rgray_250.png,,,,,,,,,,,,,,,,,,,,,,,,,,,,,,,,,,,,,2.307073554,1181.6459,1183.9463,,,,,,,,FALSE,,FALSE,,,,,,,,,,,,1183.9479,1184.8451,p,173,167,3,1,250,novel,,,FALSE,1184.8453,1184.8456,1184.8457,1184.8459,,172,0,172,0,1,0.7924,,,
,,,,,6972064f05789ba107fe0f9f,2026-01-22_11h14.37.321,WP1_3,2025.2.3,Win32,61.34969325,669177c66d14fd83c2a18125,695fcc08e6593b9a696132f7,,,,,,,,,,,,,,,,,,,,,,,,,,,,,,,,,,,,,,,,,,,,,,,,,,,,,,,,,,,,51,stim_fam/051_rgray_250.png,,,,,,,,,,,,,,,,,,,,,,,,,,,,,,,,,,,,,2.302219436,1184.8463,1187.145,,,,,,,,FALSE,,FALSE,,,,,,,,,,,,1187.1461,1187.9731,p,174,174,3,1,250,novel,,,FALSE,1187.9733,1187.9735,1187.9735,1187.9736,,173,0,173,0,1,0.7461,,,
,,,,,6972064f05789ba107fe0f9f,2026-01-22_11h14.37.321,WP1_3,2025.2.3,Win32,61.34969325,669177c66d14fd83c2a18125,695fcc08e6593b9a696132f7,,,,,,,,,,,,,,,,,,,,,,,,,,,,,,,,,,,,,,,,,,,,,,,,,,,,,,,,,,,,12,Celebrities_Faces/012_01_greyscale_250.png,,,,,,,,,,,,,,,,,,,,,,,,,,,,,,,,,,,,,1.522138003,1187.9742,1189.4959,,,,,,,,TRUE,,FALSE,,,,,,,,,,,,1189.4973,1190.4455,p,175,146,3,1,1,familiar,,,FALSE,1190.4457,1190.4457,1190.4458,1190.4458,,174,0,174,0,1,0.86,,,
,,,,,6972064f05789ba107fe0f9f,2026-01-22_11h14.37.321,WP1_3,2025.2.3,Win32,61.34969325,669177c66d14fd83c2a18125,695fcc08e6593b9a696132f7,,,,,,,,,,,,,,,,,,,,,,,,,,,,,,,,,,,,,,,,,,,,,,,,,,,,,,,,,,,,17,Celebrities_Faces/017_03_greyscale_250.png,,,,,,,,,,,,,,,,,,,,,,,,,,,,,,,,,,,,,2.200010119,1190.4461,1192.6453,,,,,,,,TRUE,,FALSE,,,,,,,,,,,,1192.647,1193.7288,q,176,138,3,1,3,familiar,,,FALSE,1193.7291,1193.7292,1193.7293,1193.7296,,175,0,175,0,1,1.0009,,,
,,,,,6972064f05789ba107fe0f9f,2026-01-22_11h14.37.321,WP1_3,2025.2.3,Win32,61.34969325,669177c66d14fd83c2a18125,695fcc08e6593b9a696132f7,,,,,,,,,,,,,,,,,,,,,,,,,,,,,,,,,,,,,,,,,,,,,,,,,,,,,,,,,,,,10,Celebrities_Faces/010_01_greyscale_250.png,,,,,,,,,,,,,,,,,,,,,,,,,,,,,,,,,,,,,2.341677354,1193.73,1196.0621,,,,,,,,TRUE,,FALSE,,,,,,,,,,,,1196.0632,1197.1412,q,177,137,3,1,1,familiar,,,FALSE,1197.1415,1197.1416,1197.1416,1197.1418,,176,0,176,0,1,0.9915,,,
,,,,,6972064f05789ba107fe0f9f,2026-01-22_11h14.37.321,WP1_3,2025.2.3,Win32,61.34969325,669177c66d14fd83c2a18125,695fcc08e6593b9a696132f7,,,,,,,,,,,,,,,,,,,,,,,,,,,,,,,,,,,,,,,,,,,,,,,,,,,,,,,,,,,,52,Celebrities_Faces/052_03_greyscale_250.png,,,,,,,,,,,,,,,,,,,,,,,,,,,,,,,,,,,,,2.351396411,1197.1425,1199.5022,,,,,,,,TRUE,,FALSE,,,,,,,,,,,,1199.5041,1200.4119,q,178,127,3,1,3,familiar,,,FALSE,1200.4122,1200.4123,1200.4124,1200.4126,,177,0,177,0,1,0.8141,,,
,,,,,6972064f05789ba107fe0f9f,2026-01-22_11h14.37.321,WP1_3,2025.2.3,Win32,61.34969325,669177c66d14fd83c2a18125,695fcc08e6593b9a696132f7,,,,,,,,,,,,,,,,,,,,,,,,,,,,,,,,,,,,,,,,,,,,,,,,,,,,,,,,,,,,55,stim_fam/055_rgray_250.png,,,,,,,,,,,,,,,,,,,,,,,,,,,,,,,,,,,,,2.209488121,1200.4132,1202.6121,,,,,,,,FALSE,,FALSE,,,,,,,,,,,,1202.6134,1203.5953,p,179,179,3,1,250,novel,,,FALSE,1203.5955,1203.5955,1203.5956,1203.5957,,178,0,178,0,1,0.8956,,,
,,,,,6972064f05789ba107fe0f9f,2026-01-22_11h14.37.321,WP1_3,2025.2.3,Win32,61.34969325,669177c66d14fd83c2a18125,695fcc08e6593b9a696132f7,,,,,,,,,,,,,,,,,,,,,,,,,,,,,,,,,,,,,,,,,,,,,,,,,,,,,,,,,,,,1,stim_fam/001_rgray_250.png,,,,,,,,,,,,,,,,,,,,,,,,,,,,,,,,,,,,,1.897108083,1203.5961,1205.4949,,,,,,,,FALSE,,FALSE,,,,,,,,,,,,1205.4958,1206.3573,p,180,161,3,1,250,novel,,,FALSE,1206.3575,1206.3576,1206.3576,1206.3577,,179,0,179,0,1,0.7662,,,
